1.85916 1
3.26168 4
2.72669 5
4.74246 5
3.10356 2
4.10084 3
2.21798 2
2.76671 3
1.88911 1
2.58567 3
2.37882 4
2.77435 3
4.4791 5
4.22512 4
3.87676 4
3.46406 3
4.25485 1
3.90755 2
4.25212 5
2.77548 3
3.068 2
3.39356 3
3.19516 5
3.05466 2
2.38976 2
3.82172 3
3.85098 4
2.57898 2
2.44933 1
1.41 1
2.39392 4
3.1414 3
3.97156 3
4.00065 4
4.54482 5
4.07762 5
3.53987 2
3.69909 4
3.90953 4
4.80673 4
3.88604 4
3.27955 4
3.27888 4
3.46511 4
2.06948 3
2.63103 3
3.35598 4
3.06664 3
3.31288 3
1.53684 1
4.0803 4
2.48531 3
3.26954 3
3.059 3
3.62622 4
3.6946 4
3.5952 4
3.06895 4
3.03735 4
3.60774 4
4.27475 2
3.26631 4
3.18609 3
2.61557 4
3.82081 4
3.73557 4
4.13396 4
3.57214 3
3.46148 3
3.31861 3
3.58591 4
3.07069 2
3.60216 4
3.43936 5
3.33165 4
4.0276 5
2.4378 2
3.29205 4
2.6065 4
3.41333 4
4.01645 3
2.97555 3
3.82573 3
3.94201 4
3.96805 5
2.74371 3
2.98861 2
3.50315 5
2.38039 3
2.76517 2
2.82729 2
3.02725 3
2.9606 1
3.64319 3
3.47101 4
3.41691 4
1.65353 1
2.97563 3
3.72336 3
4.58438 3
4.28656 4
3.9896 4
3.83819 3
3.49941 3
3.09778 5
3.41268 3
2.92445 2
3.12061 3
3.94209 5
1.22765 1
3.56785 5
4.02323 3
3.34865 4
4.47504 4
3.31292 3
3.61136 4
3.84555 2
3.06694 3
3.02928 3
3.43461 4
3.40303 5
2.22486 2
2.628 1
2.68465 3
3.22648 5
3.93909 4
3.52291 3
4.15305 3
2.37289 1
4.01469 5
3.73064 4
3.48472 5
3.08453 2
2.64382 4
3.81322 4
3.11916 2
2.88355 3
3.0188 3
1.97207 4
3.63395 4
3.1391 3
3.63771 5
3.06024 2
2.99522 2
2.85038 2
3.4597 4
3.15902 3
2.95349 2
3.18231 4
1.88844 1
3.2178 2
3.12247 4
2.98943 4
3.00327 3
3.13813 4
3.51884 4
3.77827 4
3.84651 5
3.9125 5
2.94071 4
3.42194 4
2.84283 4
3.46761 4
2.45346 2
3.12265 2
3.96872 3
4.33018 4
3.15854 5
3.51002 5
3.9213 4
3.14011 5
4.29517 5
4.00474 4
2.73253 4
3.41636 4
2.47655 2
3.95414 3
3.22 3
4.22003 4
3.64187 4
2.9735 4
3.88234 4
2.59443 2
3.6034 3
3.44924 3
3.34237 3
2.55344 2
2.64634 2
2.57087 3
2.48326 2
2.25216 2
3.36749 3
3.49766 4
3.32775 3
3.023 3
3.42956 4
4.01779 5
3.43267 2
3.29397 3
4.5468 5
5.73548 5
4.47645 5
5.01174 5
2.62542 3
3.17553 2
4.24998 4
3.98014 4
3.93636 4
4.12205 5
4.48732 5
2.23956 3
2.95625 3
4.56332 3
3.19787 3
2.59854 3
3.62751 5
3.72852 4
3.45772 4
2.22469 4
3.18186 3
3.64055 3
3.36105 2
3.67973 4
3.02569 2
4.01946 5
3.10953 3
3.24207 3
3.48663 3
3.34328 4
3.32835 4
3.47121 5
2.58376 3
3.42692 3
3.53072 4
3.74352 3
2.91079 4
3.75692 4
3.61124 4
3.21698 3
2.89555 3
3.27059 3
2.4777 2
4.26603 5
3.94141 5
2.42207 2
3.00392 2
3.51261 4
3.31337 3
3.51144 2
4.07592 3
3.04139 3
4.08304 4
3.62484 3
4.13956 5
2.64143 3
3.16653 2
3.1553 4
3.66498 4
3.42837 3
2.68655 1
4.06402 5
2.69199 2
2.89703 2
4.39207 5
3.08481 5
3.89338 3
3.1107 4
2.85399 3
2.46061 3
3.88006 4
3.04906 3
3.05102 3
4.17095 4
3.56304 4
3.14029 3
3.18258 3
1.98514 2
2.5863 2
2.88053 4
3.38526 4
4.01593 4
3.95997 3
4.16707 4
2.17069 4
2.88935 3
3.97318 3
2.67648 3
2.88318 2
3.99872 5
3.16787 4
3.82999 3
4.30419 4
3.39026 4
2.5787 2
2.42148 2
3.85378 3
2.3841 2
3.38967 3
4.07628 4
3.64936 4
2.98411 3
2.47892 2
2.99023 2
2.9488 3
3.26871 2
2.47552 1
3.63672 4
2.88297 4
3.27193 5
2.41616 1
3.14631 3
4.46259 5
3.63796 4
3.97991 4
2.78295 4
3.42479 3
3.1584 4
3.43204 4
2.20401 1
2.85158 3
3.41328 5
3.91811 4
3.56909 1
3.81914 3
3.78768 5
2.84887 1
2.1322 2
4.69377 5
4.33128 5
4.50245 5
2.88906 3
3.21636 3
2.86445 2
3.9487 5
2.97398 2
2.94876 2
3.06995 4
3.6342 3
3.43952 3
2.02883 2
3.32109 2
2.51463 4
2.88574 2
3.08115 1
3.06469 4
2.89521 1
3.7081 3
4.07404 5
4.51229 4
3.79284 3
3.09079 3
4.06346 5
3.39159 3
3.07049 2
3.49068 3
3.61697 3
3.22444 5
3.82424 4
3.28596 3
1.68796 2
2.74034 2
2.50975 1
2.52369 3
2.66909 3
4.10295 2
3.37141 4
3.50391 3
2.7733 4
2.89553 2
3.63837 2
3.70243 4
4.42191 3
3.62146 4
2.27838 1
3.92559 4
3.86953 3
3.5461 5
3.56682 4
4.4639 5
3.06257 4
3.76646 3
3.7821 3
2.86172 4
3.15476 3
4.15576 5
4.07258 3
4.07791 3
3.57362 3
4.46653 4
2.65635 3
3.06448 2
2.82716 1
2.27465 2
3.02901 3
3.16659 4
1.90604 1
1.80017 1
2.47633 4
2.76677 2
3.12009 2
3.39551 3
3.21979 1
3.81732 4
3.1518 3
2.03452 1
3.23027 4
3.51046 4
3.73568 4
3.55758 3
3.03069 2
3.1287 3
4.30186 5
3.047 4
2.74997 1
3.07831 5
2.73511 3
3.53405 3
3.07152 3
2.99082 3
3.29277 2
3.33487 4
3.73106 4
3.19153 1
2.3986 3
2.54677 3
3.24218 5
4.76857 5
3.45932 4
3.00357 2
2.40322 1
2.82596 3
2.73715 3
3.0715 4
2.96535 2
3.79948 1
3.06868 3
4.60834 4
4.06434 3
3.3771 3
4.10135 5
4.04987 4
3.75347 3
3.32389 3
3.2935 3
3.31116 3
3.87454 4
4.50144 4
4.46581 3
4.38892 5
3.18179 4
3.11486 1
2.0826 3
2.78483 3
3.15164 1
3.10441 2
3.193 2
3.04299 4
3.3063 3
2.46951 1
2.7395 3
2.46092 3
2.7139 2
2.99824 3
2.892 3
3.85 3
3.9304 4
3.15053 4
3.44597 3
3.25736 3
4.55966 4
3.81034 5
3.87588 4
3.98861 4
2.88078 2
4.01557 2
2.83472 3
4.18014 4
4.24951 4
3.87359 4
3.19519 3
3.36433 5
3.39367 5
3.60045 5
4.65384 5
2.14032 1
2.36275 1
3.91738 4
4.26703 5
3.16573 3
3.36404 4
4.51187 5
4.49985 5
2.99686 3
3.79699 4
3.85471 3
4.03745 5
4.2419 5
3.67448 5
3.64113 3
3.48851 4
4.32659 4
2.82502 3
2.95855 3
4.37758 4
4.22334 4
3.08496 4
2.83471 2
2.7235 2
2.70995 3
2.43417 3
2.00365 1
2.82082 4
3.66975 3
3.85942 4
4.05923 4
4.01891 4
4.49947 5
3.23362 3
3.84165 5
3.29116 2
3.72953 3
2.48566 3
3.87463 2
3.48162 3
3.40012 3
2.55521 1
2.63155 2
4.29297 5
3.76488 3
3.67847 3
3.54053 3
4.09454 4
4.12101 3
4.46721 5
3.64729 3
4.41545 5
3.61624 3
3.27393 4
2.57392 3
4.49153 5
3.18123 3
2.60899 3
3.17945 3
2.89573 1
4.07366 5
3.33931 4
3.66607 3
3.59063 3
2.97896 2
2.42124 2
3.34125 3
3.09987 1
3.52086 3
2.93551 2
3.29963 4
3.88673 4
3.16956 3
3.35526 3
3.7829 4
3.13185 3
3.86133 4
3.82847 4
3.68249 4
2.83319 4
3.60154 4
3.69696 4
2.78704 2
2.57969 2
3.47764 4
3.98981 3
3.03254 3
3.73866 4
3.94427 2
2.3093 1
2.60324 4
3.00326 4
4.01063 1
3.74055 4
4.24999 5
4.31263 5
3.58814 3
3.4814 1
3.81759 4
3.13471 3
2.90389 3
3.35755 3
3.90718 4
4.42545 4
3.06483 3
3.47543 5
3.69738 4
3.51848 4
3.49157 3
3.83723 3
3.59351 4
4.0711 5
3.53648 3
4.35014 5
2.31444 2
2.84708 4
2.71201 3
2.75068 3
1.58711 2
1.8703 3
3.8193 4
3.28939 3
2.87509 3
2.28292 2
3.77628 4
3.58923 4
3.61232 3
5.02254 5
4.60466 3
3.66762 4
3.31401 3
3.99061 5
2.89459 3
3.67582 4
3.59459 3
3.1656 3
2.9258 3
3.28768 3
3.50048 5
3.98465 5
4.5903 5
4.23233 4
4.22982 5
3.69674 4
4.3276 4
3.486 4
3.36381 3
3.575 2
3.79793 4
4.38557 1
3.18287 2
3.41909 3
3.2536 2
3.43779 4
3.23102 4
4.04002 4
2.46248 1
2.68846 2
3.78004 4
4.19285 5
2.98074 3
3.38248 4
3.52675 5
3.4692 3
3.42099 4
3.46993 3
3.87822 4
3.50144 1
3.35925 3
3.89787 3
3.60604 2
3.61259 5
3.3161 2
2.86529 2
3.4115 5
2.96897 3
3.14638 4
3.37889 5
3.28429 3
4.13109 4
3.56081 4
3.84836 3
3.39056 3
4.22091 2
3.18752 4
3.72874 5
3.18975 5
3.00341 3
3.62161 5
3.34004 3
2.88631 1
3.8049 4
2.26801 3
4.08989 5
2.82289 3
2.91485 2
2.85971 3
3.8819 4
3.2586 2
2.74053 3
3.7514 4
3.04907 4
3.46708 4
4.49977 5
3.71895 3
4.216 5
2.54253 2
3.28773 3
2.64591 1
3.11817 3
3.61329 5
2.6838 2
4.02418 4
3.14743 3
3.18385 3
3.0304 4
4.29941 5
4.15272 4
3.40139 4
4.05176 4
4.16411 3
4.09636 3
4.08822 5
3.04732 3
3.10212 4
2.47441 3
3.94118 4
3.40519 2
2.91667 2
2.98744 3
2.50812 3
3.25904 4
3.20918 3
2.93513 1
3.44794 4
4.16568 4
3.36548 2
3.82696 3
2.75651 3
3.55558 4
3.2496 3
3.50867 5
3.12423 2
3.51007 4
3.47542 3
4.14616 4
3.53762 3
2.88046 2
2.48635 2
2.67933 1
2.378 3
4.41801 3
4.09794 4
3.47401 4
3.00657 2
3.69565 2
3.69311 3
4.53326 4
4.29558 4
3.62761 3
4.30391 4
3.05254 4
3.48919 4
3.18752 3
2.18283 1
3.95861 4
3.17696 5
3.46718 3
3.46225 4
2.91581 3
3.06401 4
3.40849 4
3.20228 5
3.01732 3
3.52584 4
3.99237 4
4.27814 4
3.56078 5
3.50476 3
3.87727 4
4.31943 3
4.0891 4
4.07475 4
3.73156 4
3.65079 5
2.55076 4
2.34042 2
3.08267 2
3.36958 3
2.36317 3
2.91118 3
3.21848 2
3.34283 3
3.12099 3
3.11314 3
3.91693 5
2.74617 1
3.23794 3
4.61997 5
3.32082 3
4.07437 5
3.31827 4
3.29202 3
3.01049 3
3.08629 2
3.15036 2
3.47037 3
3.99169 3
3.94096 3
3.22913 3
3.05885 2
2.25418 2
3.52142 3
3.37425 3
3.26656 2
3.33722 3
2.32674 3
3.26089 2
3.43634 2
2.20211 3
3.18033 3
3.08955 4
3.29591 3
4.32453 3
4.01533 3
3.84838 5
3.35544 2
3.1552 5
2.48502 1
4.29232 5
3.428 3
3.07551 2
2.889 4
2.78225 3
2.97543 4
3.69273 5
3.48044 4
3.79848 4
4.60001 5
2.65501 3
0.836488 1
1.57226 1
3.63422 2
3.4528 4
2.55544 2
3.00504 2
3.54826 3
3.19587 2
2.78914 3
3.87463 3
3.55699 5
3.34216 3
2.79738 2
2.23605 2
2.61246 3
3.74214 3
2.87606 4
3.63202 3
3.12143 1
3.36212 4
3.28954 4
1.9484 3
3.49195 3
3.3155 3
3.46286 5
3.3573 2
3.37004 4
2.62747 3
2.73649 3
3.63441 4
2.9947 2
3.68932 3
3.29028 3
3.42285 4
3.67328 3
4.06287 4
3.8645 4
3.43578 3
3.78385 3
3.25478 3
4.10815 4
3.37261 2
3.41883 4
3.47259 5
3.08387 3
3.00709 5
2.76263 2
3.31084 5
3.19398 3
3.45851 4
3.28044 2
3.96844 5
3.80299 4
4.34618 4
3.02205 3
3.38478 4
2.55915 3
2.9405 2
3.75766 5
2.97514 3
3.56708 4
2.96986 3
3.72601 3
4.23521 5
4.34204 5
4.14953 4
3.46305 2
3.27822 5
4.08941 1
3.24725 4
3.90782 4
3.21308 4
3.38037 3
2.7545 2
2.78794 2
3.58475 2
3.42671 3
4.21196 4
3.53408 3
4.01329 3
3.87338 3
3.87684 3
3.57332 5
3.03829 4
3.36449 4
3.53974 3
4.07502 5
3.21077 4
2.89957 2
3.91394 3
3.39107 4
4.02068 3
2.91959 4
3.82203 3
3.73698 4
2.87322 3
1.9562 3
3.26479 3
2.5517 3
2.80726 3
2.08684 2
2.81934 4
3.38083 2
2.25004 1
2.80451 3
3.09476 4
3.61211 3
3.15846 3
3.04073 2
3.14721 4
2.57026 4
3.28827 3
3.37302 2
3.77939 5
3.44746 3
3.04441 3
4.15878 4
2.73735 3
2.9526 4
3.31868 4
2.91985 3
3.53382 2
4.32092 5
3.7779 5
3.23598 3
3.0249 4
3.10278 4
3.77146 4
3.28152 4
2.97624 1
2.94285 3
3.66976 1
3.30251 4
2.9554 3
3.98894 4
3.95041 4
3.11571 2
2.77072 2
3.58984 5
3.10451 3
2.46333 5
3.73477 1
2.73496 3
3.36807 5
3.00864 2
2.51885 2
3.98971 4
4.28986 5
4.28048 3
4.01128 5
4.14443 3
3.06561 3
3.28496 4
3.60451 4
3.43496 4
3.32509 2
3.02392 2
3.26004 3
3.282 4
4.27 4
4.1083 4
1.5751 1
3.45903 3
3.66484 1
2.51512 3
2.19511 4
2.32839 2
3.52199 4
2.21859 3
3.87408 4
3.5246 4
2.51867 1
2.85988 1
3.13634 3
2.9022 3
3.67953 2
3.44882 5
2.81165 1
2.86691 3
3.66923 4
3.54832 4
3.47745 2
4.51266 5
3.40857 1
3.95367 4
3.89136 4
3.83905 5
3.76722 2
4.1219 4
3.69723 4
4.54586 5
3.78158 3
3.61922 5
3.23022 4
2.98651 2
2.83859 2
3.20847 3
3.96302 5
4.06094 5
3.1604 2
4.32122 5
3.23678 3
3.9393 5
4.46537 4
3.40549 5
4.12999 4
2.85822 3
2.02981 4
3.94296 4
2.82105 3
4.09144 5
3.57611 4
3.55483 5
3.41103 3
2.77541 3
2.36666 3
2.52601 3
4.33583 5
2.86849 3
3.31327 2
3.49725 3
4.56414 4
3.88347 4
3.34022 4
3.88912 4
3.08176 4
3.62787 4
2.2855 3
3.26723 2
3.50841 5
3.45055 5
3.84895 4
3.33234 1
2.91224 3
3.46588 3
3.82557 4
3.19553 3
3.75652 4
3.11873 3
4.49476 5
3.64244 5
3.89286 4
3.27628 3
4.47081 5
1.93183 2
3.86014 3
3.62655 3
3.07203 3
3.5815 3
3.81499 3
3.87608 4
2.97044 3
3.00156 1
3.40441 5
4.14203 5
3.27675 2
3.92537 5
3.4933 4
3.61982 2
4.06111 2
3.44045 4
3.46634 3
3.72766 3
3.2635 3
2.63709 1
2.24872 1
3.60989 3
2.80873 3
3.3077 3
2.50962 4
3.42564 2
3.6185 4
3.34734 4
3.33933 5
2.92877 3
3.61195 2
2.58162 1
4.00943 4
2.47888 3
4.1596 4
3.36226 5
3.94816 4
3.85989 3
3.19472 2
3.15514 5
4.67811 4
3.4897 4
1.9687 2
2.51106 1
3.25468 3
3.61595 5
3.9777 5
3.60561 3
2.38312 3
3.68426 2
3.56608 4
3.18901 4
2.54407 2
2.57087 2
2.83062 2
2.22032 2
2.41857 2
3.37695 3
3.03795 3
3.75782 4
3.88038 5
2.44239 2
3.11452 3
3.39186 3
4.66913 4
3.29905 3
3.42435 3
3.63091 3
4.24783 4
3.53282 3
2.1212 4
2.66926 1
3.72512 4
3.22455 3
4.33215 4
3.06991 3
2.92318 4
2.69439 3
3.92228 4
2.90648 3
3.01955 4
3.53002 3
2.95545 3
2.99549 5
2.31606 1
3.14143 3
3.89142 4
3.38642 4
2.07825 3
3.43481 5
2.88457 3
2.96789 3
3.55431 3
4.44183 4
4.38112 5
4.50322 5
4.56663 4
3.79035 3
3.55606 5
3.69866 4
4.37341 4
2.3897 3
2.58907 1
2.68665 2
3.45819 4
1.6779 2
3.55418 3
2.43056 2
3.13407 4
3.1089 4
2.81539 3
3.16631 3
3.16865 3
2.90681 1
3.41404 3
2.94363 4
3.86878 4
3.78174 5
3.39132 3
3.01563 2
3.67361 3
4.18609 5
3.72536 4
3.25441 4
2.76126 2
3.10803 2
3.35241 4
3.26777 2
3.66688 3
3.626 4
3.15779 3
3.52409 3
2.61567 3
3.42972 3
3.85166 4
4.17203 4
3.53119 4
2.85345 4
4.29069 5
2.13651 2
3.81299 3
3.47532 3
3.81291 4
2.72161 1
3.61474 4
3.12895 3
3.15504 2
2.99034 3
4.61237 4
2.80132 2
2.52263 2
2.2304 4
3.86615 4
4.1223 4
3.58899 5
3.75175 5
3.66331 4
3.15275 4
3.98881 3
3.50502 3
3.50767 4
3.15488 4
4.15382 4
4.18985 5
4.10359 3
3.24395 1
3.3855 2
3.67698 3
2.40501 3
2.35524 2
2.14869 2
3.62907 5
3.30291 5
3.64656 4
3.14139 2
3.32323 3
3.73345 3
3.89626 5
3.56684 3
3.3046 3
3.71106 4
3.73978 4
3.79345 3
3.30264 3
4.56302 5
3.25767 1
4.56293 5
4.6794 5
4.51694 5
4.28475 5
3.71052 5
4.4 5
3.51949 4
3.40214 3
2.10486 4
3.38842 4
3.88524 4
3.42862 4
2.85374 3
2.69273 2
3.80878 5
2.69304 5
3.16104 4
4.12602 5
3.96255 5
4.09408 4
4.12995 4
2.95154 4
3.24041 2
3.21654 4
3.52162 3
3.20841 3
3.53316 1
3.88538 4
3.88957 5
3.80506 3
3.63477 5
4.664 4
4.46899 5
4.77272 5
3.88936 3
4.75557 4
2.77099 2
2.7043 3
2.66229 1
3.34347 4
2.59943 4
3.72591 5
2.61597 1
2.88712 3
3.09742 2
3.30003 1
3.21472 3
3.6939 4
2.85545 3
3.44834 4
3.22807 3
2.2384 3
1.51367 1
3.43813 5
2.5211 4
1.83638 2
3.92495 4
3.38203 3
3.4396 3
4.17484 3
2.91773 3
3.42707 3
3.30722 3
3.52789 5
3.54266 3
3.75969 5
3.79184 4
3.46621 4
2.99897 3
2.77172 3
3.19407 5
2.63865 2
4.16954 4
3.18379 4
2.98285 5
3.29756 3
3.84934 3
3.49271 3
2.76016 3
4.91901 2
3.78993 5
4.52157 5
3.87013 3
4.09846 5
4.1025 4
3.95052 4
3.08638 3
3.32753 2
2.62799 3
4.01335 2
3.63998 3
3.66018 5
3.50838 3
4.0198 5
3.51658 3
3.19902 2
3.58643 3
3.30114 4
1.50378 2
3.40485 3
3.06366 2
3.2978 4
3.96318 3
3.67545 3
3.57171 2
2.83515 3
2.7124 2
3.42846 3
3.42914 3
2.32126 2
2.40364 2
4.00871 5
3.85655 3
3.82731 4
2.93223 4
3.77884 4
3.13409 3
1.94139 1
3.34598 3
3.02986 4
3.47704 4
3.94549 5
4.11344 5
3.63634 5
3.29783 3
3.59688 4
2.42707 3
2.8748 3
3.40932 2
3.89769 5
2.54967 3
3.14755 3
3.60392 3
3.78153 3
3.74135 3
3.97658 5
3.37267 4
2.78806 3
2.84446 4
2.78551 3
3.07424 4
2.26624 1
2.55886 3
3.93288 5
3.81845 2
3.78102 5
3.10502 3
4.15216 4
3.85614 1
3.64847 4
4.41966 4
4.04464 5
4.14998 3
4.12142 3
4.12605 4
4.18367 4
3.48777 4
3.02888 4
3.15202 3
3.45652 3
4.54893 4
2.03968 3
2.85507 5
3.04307 4
3.27663 2
2.68106 1
2.71959 4
3.75879 4
3.74963 5
3.69644 4
3.60018 5
3.33346 4
4.04682 5
2.69624 2
2.8063 2
1.9105 2
3.34246 3
1.9237 1
2.46797 3
3.44106 4
1.90733 2
3.91564 4
3.83667 3
3.6303 4
2.66272 2
3.81975 3
4.02114 3
3.83971 4
3.73506 5
4.39799 5
3.85315 3
3.64699 5
3.10499 3
4.48925 4
3.35965 3
4.97061 5
3.5581 4
3.10851 4
3.91362 5
4.15242 5
2.68152 2
3.68298 4
3.44866 3
3.79013 2
3.15002 3
3.10209 3
2.57363 3
3.95171 3
3.45042 3
3.26954 3
3.32397 4
3.43296 5
2.39717 2
3.31944 4
3.4325 3
4.52207 5
4.54225 5
4.76167 4
3.763 4
3.66861 5
2.62448 3
3.50003 3
2.75209 2
3.54548 3
3.73856 4
3.70114 3
3.63565 5
3.1326 4
3.09918 5
3.86402 5
3.19633 3
3.80136 3
3.21025 4
4.08172 4
3.92967 4
4.29842 4
4.21712 3
3.18286 3
2.90108 3
4.13616 3
3.01554 4
3.24722 4
4.82653 5
2.43556 2
3.86428 3
3.08395 2
2.97428 4
3.01315 2
3.52293 5
3.36687 3
3.76588 5
4.58779 3
3.76373 3
3.50224 4
4.1411 4
3.90308 2
3.62826 5
4.78445 5
4.05029 5
4.02876 3
2.33031 3
2.81522 3
2.64958 2
2.43206 3
3.52085 5
2.85666 1
3.48767 3
3.71409 4
3.21893 3
3.71666 4
4.27249 4
3.00255 1
2.94742 3
3.27721 4
4.07812 5
4.5195 2
3.72556 4
3.1149 3
2.81865 3
4.27457 3
3.59614 3
3.28909 3
3.98604 4
3.83781 4
4.815 5
3.90578 3
3.79294 4
3.80572 4
4.62601 5
3.7528 5
3.51567 5
3.40276 4
3.47158 4
2.35552 2
2.20146 2
2.71338 3
2.07273 2
2.35993 1
3.58614 4
2.4651 3
4.4578 4
4.14048 4
4.1983 5
2.37038 1
5.04504 4
3.46779 4
4.46666 5
3.98238 3
4.69207 3
4.59788 5
3.84639 5
3.5428 4
3.52272 5
4.22434 4
3.74199 4
3.40593 3
3.22367 3
3.62175 4
4.30828 4
2.88267 2
3.28318 3
3.26191 1
1.61938 1
3.77818 2
2.66999 2
3.02782 2
4.23415 4
3.16333 3
3.63684 3
3.69113 3
2.92331 2
3.42358 4
2.5647 4
2.73962 2
4.40012 4
4.38992 4
4.22158 4
3.87147 4
4.16567 4
4.37575 5
3.82912 3
3.61526 4
4.21353 4
3.24456 4
3.29149 4
3.18167 1
2.90561 4
3.29276 4
3.37068 3
2.48968 2
3.56343 3
3.02997 3
2.78356 3
3.24441 3
3.74281 4
4.16789 5
3.28578 3
2.56823 4
3.62535 3
3.38418 3
3.59847 1
3.24862 3
4.01789 3
3.56164 3
3.57837 4
3.18699 5
3.022 4
3.82039 4
3.67724 4
2.19255 3
3.09798 4
3.89455 3
3.46822 3
3.13177 3
3.58247 5
3.63997 3
2.68316 3
2.89471 2
2.79342 2
3.25117 3
2.89615 1
2.76248 3
2.86337 3
2.72452 3
2.9433 4
3.84929 4
4.205 5
3.07641 3
2.78947 2
2.66093 3
4.16871 4
3.5475 3
3.2641 4
3.61803 3
2.62601 4
3.88245 3
3.66669 3
2.52381 2
3.67392 4
4.23849 5
4.53357 5
3.8779 4
4.88535 5
4.16171 4
3.85603 5
4.47612 5
5.07363 4
3.52957 3
3.33438 4
2.91644 3
4.64155 5
3.41921 5
3.04827 2
3.54682 4
3.0206 1
4.17511 3
3.71268 5
3.48364 5
3.6683 4
3.70701 3
2.67651 3
3.6761 4
3.68631 5
3.61879 2
3.93433 3
3.88601 5
4.24833 5
3.35331 3
3.99522 3
5.01833 5
3.29378 3
3.15371 3
1.34019 1
3.63709 4
4.02127 4
3.95758 4
3.35723 3
3.07618 4
2.77615 3
3.29805 2
3.17861 3
3.77879 4
2.29745 2
1.44231 1
2.516 2
4.04131 4
3.39972 4
2.93736 3
3.72397 5
4.06206 4
3.45967 5
3.50177 4
3.32901 3
3.902 4
2.79003 4
3.62764 5
4.01495 5
2.28006 3
3.68492 3
3.88333 5
4.2187 3
