2.38948 1
3.29794 4
2.56037 5
4.50363 5
3.06501 2
3.9587 3
3.21934 2
3.64282 3
2.68834 1
3.44727 3
2.84534 4
3.23455 3
4.02724 5
3.88451 4
3.5503 4
3.10373 3
3.85104 1
3.65499 2
3.91136 5
2.80216 3
3.35819 2
3.22454 3
3.02612 5
2.8939 2
2.37891 2
3.84483 3
4.05418 4
3.74672 2
3.15896 1
2.18419 1
3.23677 4
2.90472 3
4.00049 3
3.836 4
4.41137 5
3.8006 5
3.3201 2
3.78215 4
3.24354 4
4.04294 4
3.98282 4
3.60253 4
3.208 4
3.45656 4
2.93477 3
3.33568 3
3.52089 4
3.532 3
3.4898 3
1.94837 1
3.58584 4
2.59046 3
3.30615 3
2.99818 3
3.63226 4
3.84972 4
3.56992 4
2.53684 4
2.77375 4
3.63011 4
4.19846 2
3.23694 4
3.27638 3
2.80931 4
3.74357 4
3.73214 4
4.19696 4
4.00685 3
3.4424 3
3.29596 3
3.48973 4
3.14564 2
3.42931 4
3.29823 5
3.00517 4
3.73305 5
2.94634 2
3.45003 4
3.36958 4
3.65163 4
3.65062 3
3.76572 3
3.73125 3
3.74164 4
3.90696 5
2.98749 3
2.90342 2
3.555 5
2.75899 3
2.82121 2
3.06422 2
3.01462 3
2.80027 1
3.33995 3
3.28877 4
3.34624 4
2.66239 1
3.87427 3
3.18918 3
4.26446 3
4.08382 4
3.63888 4
3.73461 3
3.65287 3
3.25322 5
3.17708 3
2.93226 2
3.37221 3
4.07554 5
1.4546 1
3.86124 5
3.87983 3
3.41841 4
5 4
3.39334 3
3.43098 4
3.53534 2
3.29711 3
2.85935 3
3.46931 4
3.28356 5
2.15114 2
3.42474 1
3.1508 3
3.03752 5
3.91526 4
3.33708 3
4.22347 3
3.20368 1
3.77211 5
3.43198 4
3.14978 5
2.87474 2
2.68578 4
3.79862 4
3.19487 2
2.93299 3
3.06733 3
2.58114 4
3.30475 4
2.99516 3
3.72536 5
2.89876 2
3.44442 2
3.27151 2
3.31776 4
3.45806 3
3.35808 2
3.39588 4
2.24085 1
3.65663 2
3.39179 4
3.02468 4
3.54106 3
2.90198 4
3.34383 4
3.5198 4
3.84667 5
3.7073 5
2.73523 4
3.21262 4
2.52164 4
3.26442 4
2.57869 2
3.08493 2
3.80799 3
4.28379 4
3.7186 5
3.26205 5
4.24797 4
3.23042 5
4.10449 5
4.21121 4
2.89325 4
3.59727 4
2.95251 2
2.89651 3
2.93893 3
4.04586 4
3.56194 4
2.94085 4
3.90001 4
2.71997 2
3.70761 3
3.36365 3
3.35914 3
3.36562 2
3.60792 2
3.37422 3
3.38248 2
3.24842 2
3.67904 3
3.83947 4
3.65263 3
2.98258 3
3.60009 4
4.07812 5
3.51006 2
3.60439 3
3.75348 5
4.90627 5
3.98508 5
4.44928 5
2.95718 3
3.12374 2
3.63776 4
3.35711 4
3.22682 4
3.37113 5
3.82915 5
2.35305 3
3.04036 3
4.46227 3
3.57043 3
3.42896 3
3.40663 5
3.71819 4
3.41202 4
2.70781 4
3.69766 3
3.6334 3
3.31846 2
3.56165 4
3.0148 2
4.01166 5
2.92358 3
3.07307 3
3.76095 3
3.69344 4
3.43381 4
3.52768 5
2.54469 3
3.53992 3
3.60302 4
3.72324 3
2.96856 4
3.44722 4
3.87892 4
3.58197 3
2.89957 3
3.02307 3
2.63406 2
3.95984 5
3.52997 5
2.62987 2
3.3174 2
2.86693 4
3.61422 3
3.7757 2
4.2014 3
3.05018 3
4.12432 4
3.61859 3
3.93779 5
3.07843 3
3.12441 2
3.71265 4
3.41223 4
3.33503 3
2.54332 1
3.91602 5
3.0057 2
3.33028 2
3.70545 5
2.51192 5
3.31969 3
3.27566 4
2.80659 3
2.65405 3
3.94816 4
3.34247 3
2.80518 3
3.94379 4
3.58525 4
2.95582 3
3.12142 3
2.47309 2
3.22902 2
3.43986 4
3.04737 4
3.72522 4
3.6448 3
3.88289 4
2.56387 4
3.60555 3
4.34931 3
2.66817 3
3.02726 2
3.74095 5
3.11652 4
3.3316 3
4.09408 4
3.25172 4
3.26196 2
3.06695 2
3.36281 3
2.93603 2
3.79506 3
4.21258 4
3.66102 4
3.32141 3
2.98136 2
3.61239 2
3.1277 3
3.72195 2
3.31207 1
3.51641 4
3.57282 4
3.88083 5
2.89517 1
3.44648 3
4.85582 5
3.62537 4
4.14194 4
2.97832 4
3.45988 3
3.40771 4
3.48316 4
2.86087 1
2.99588 3
3.49798 5
4.0455 4
3.33589 1
3.74567 3
3.96352 5
3.23746 1
2.19328 2
3.78142 5
3.55487 5
3.80577 5
3.17904 3
2.99061 3
2.65471 2
3.77497 5
3.50562 2
3.00952 2
3.42872 4
3.78119 3
3.62956 3
2.37823 2
3.62596 2
3.07375 4
3.30468 2
2.72938 1
2.68654 4
3.10594 1
3.81804 3
3.73996 5
4.31172 4
3.73221 3
3.25849 3
4.21355 5
3.65259 3
3.26286 2
3.29353 3
3.02392 3
2.80862 5
3.26777 4
3.51877 3
2.31441 2
3.12234 2
3.06285 1
2.97488 3
3.29758 3
4.01042 2
3.44856 4
3.51026 3
2.86319 4
3.06348 2
3.41618 2
3.55261 4
4.47023 3
3.43764 4
2.78528 1
3.61174 4
3.64098 3
3.27084 5
3.34325 4
4.29215 5
2.90622 4
3.79684 3
3.9713 3
3.48972 4
3.51979 3
4.67533 5
3.71505 3
3.87037 3
3.41609 3
4.2682 4
2.99182 3
3.38598 2
2.99485 1
2.60054 2
3.03626 3
3.23942 4
1.66841 1
2.41483 1
2.91696 4
3.26259 2
3.70619 2
3.6106 3
3.21134 1
3.84095 4
2.96272 3
2.45272 1
3.19976 4
3.26692 4
3.64737 4
3.52041 3
2.91694 2
3.09718 3
4.45954 5
3.27318 4
2.82644 1
3.02692 5
3.13527 3
3.75078 3
3.13219 3
3.48986 3
2.91449 2
3.01052 4
3.31586 4
3.53767 1
2.60232 3
2.84983 3
3.35353 5
4.62936 5
3.31419 4
3.8332 2
2.60747 1
3.37081 3
3.13716 3
3.23033 4
2.97428 2
3.84067 1
3.29167 3
4.25913 4
3.80953 3
3.92505 3
3.90829 5
3.76841 4
3.58907 3
3.35141 3
3.3281 3
3.10713 3
3.6533 4
4.13103 4
4.28793 3
4.00453 5
2.9372 4
3.82592 1
2.76535 3
3.17134 3
3.37877 1
3.40275 2
3.62191 2
3.31953 4
3.66869 3
2.83991 1
2.62932 3
2.44551 3
2.49449 2
2.77922 3
2.81397 3
3.45847 3
3.5888 4
2.97736 4
3.2805 3
3.06122 3
4.15358 4
3.07732 5
3.24661 4
3.67178 4
2.74963 2
3.5958 2
2.57504 3
3.83027 4
3.91418 4
3.56278 4
3.10699 3
3.72345 5
3.71205 5
3.24844 5
4.20167 5
2.08176 1
3.1624 1
3.60018 4
3.87604 5
2.91448 3
2.984 4
4.31257 5
3.98786 5
3.17234 3
3.82271 4
4.07829 3
4.30986 5
3.86217 5
3.24331 5
3.02195 3
2.86557 4
3.89886 4
2.75198 3
2.65146 3
3.98543 4
4.05532 4
2.82363 4
3.09104 2
3.08051 2
3.29426 3
3.21157 3
2.62306 1
2.91295 4
3.2814 3
3.46973 4
3.52579 4
3.39492 4
4.04107 5
3.07664 3
3.77447 5
3.15066 2
3.5725 3
3.02935 3
3.6531 2
3.31197 3
3.51575 3
3.23684 1
2.42091 2
3.91301 5
3.55006 3
3.65407 3
3.40685 3
3.84308 4
3.60159 3
4.20254 5
3.75729 3
4.18362 5
3.31848 3
3.33028 4
3.54934 3
4.68542 5
3.4276 3
2.87566 3
3.63652 3
3.39267 1
4.02383 5
3.32709 4
3.66551 3
4.0349 3
3.20106 2
2.87662 2
3.2491 3
3.80945 1
4.19041 3
3.25998 2
3.66483 4
4.02144 4
3.20402 3
3.50329 3
4.04948 4
3.24568 3
3.91413 4
3.87525 4
3.70196 4
2.91132 4
3.45695 4
3.90649 4
2.97201 2
2.87355 2
3.93922 4
3.86545 3
2.61822 3
3.3635 4
4 2
2.88731 1
3.19838 4
2.82964 4
3.88561 1
3.49468 4
4.26966 5
4.11541 5
3.754 3
3.63546 1
3.82499 4
3.4101 3
3.05256 3
2.98168 3
3.74315 4
4.16216 4
3.33428 3
3.46105 5
3.62636 4
3.38759 4
3.56249 3
4.07292 3
3.69464 4
4 5
3.58341 3
3.73122 5
3.04371 2
3.46841 4
3.4769 3
3.28502 3
2.32488 2
2.21206 3
4.02458 4
3.51963 3
3.41225 3
2.82093 2
3.73165 4
3.40796 4
3.59339 3
4.54685 5
5 3
3.66696 4
3.32636 3
4.16424 5
2.90753 3
3.70964 4
3.77398 3
4.0839 3
3.66745 3
3.26124 3
3.53645 5
3.45707 5
4.20758 5
3.71651 4
3.74863 5
3.11262 4
3.92147 4
3.15148 4
3.75467 3
3.27668 2
3.85312 4
4.33213 1
3.16437 2
3.3011 3
3.56218 2
3.5875 4
3.37861 4
3.74311 4
2.85627 1
2.99282 2
3.70129 4
4.06595 5
3.01543 3
3.22667 4
3.39036 5
3.40789 3
3.55812 4
3.33763 3
4.18416 4
3.27307 1
3.15219 3
3.49311 3
3.25632 2
3.37488 5
3.09831 2
3.35451 2
3.41787 5
3.37763 3
3.16438 4
3.38016 5
3.20982 3
3.8502 4
3.12271 4
3.58391 3
3.15546 3
5 2
3.11175 4
3.79371 5
3.3455 5
3.16247 3
3.95359 5
3.52842 3
2.77292 1
3.82295 4
3.33287 3
3.80598 5
3.34773 3
3.32269 2
3.36546 3
4.30691 4
3.54092 2
3.184 3
3.52592 4
2.77743 4
3.27816 4
4.28128 5
3.419 3
3.95074 5
2.50281 2
3.31873 3
2.134 1
3.05516 3
3.50783 5
2.74372 2
4.05308 4
3.29644 3
3.22451 3
3.60548 4
3.6778 5
3.45225 4
2.70689 4
3.49459 4
3.47931 3
4.01377 3
4.22596 5
3.11988 3
3.2042 4
2.56022 3
3.85254 4
3.76709 2
3.00852 2
3.05387 3
2.87472 3
3.52412 4
3.97285 3
3.50494 1
3.29959 4
4.20376 4
3.22692 2
3.74872 3
2.93962 3
3.51839 4
3.55988 3
3.65995 5
3.19085 2
3.484 4
3.40976 3
4.09044 4
3.51847 3
3.22099 2
2.90526 2
2.92688 1
2.58517 3
3.87728 3
3.88226 4
3.3152 4
3.30057 2
3.34296 2
3.59928 3
4.18879 4
3.87863 4
3.48422 3
4.20096 4
2.83315 4
3.55123 4
3.06633 3
2.44946 1
4.04837 4
3.19689 5
3.4755 3
3.67994 4
3.20208 3
3.23726 4
3.65869 4
3.8443 5
3.1485 3
3.38037 4
3.61202 4
3.96774 4
3.52387 5
3.45499 3
3.83134 4
4.20081 3
3.64958 4
3.63895 4
3.29833 4
3.3106 5
3.01218 4
3.09002 2
3.53369 2
3.88536 3
2.86123 3
2.86326 3
3.3977 2
3 3
3.44152 3
3.33575 3
4.19095 5
2.93545 1
3.23298 3
3.92465 5
3.34036 3
4.19157 5
3.49564 4
3.49519 3
3.06361 3
3.84744 2
3.17975 2
3.25605 3
3.70773 3
3.82375 3
3.63911 3
2.79624 2
1.99714 2
3.55209 3
3.30153 3
3.04749 2
3.13984 3
2.47308 3
3.2621 2
3.51177 2
2.90632 3
3.62806 3
3.45368 4
3.55294 3
3.677 3
3.66558 3
4.44213 5
3.14155 2
3.39939 5
3.368 1
4.46234 5
3.93263 3
3.25122 2
3.06635 4
2.9217 3
3.04347 4
3.71734 5
3.55012 4
3.74134 4
4.57337 5
2.78284 3
1.96634 1
1.51047 1
3.96253 2
3.53789 4
2.49517 2
3.02456 2
3.61289 3
3.57296 2
2.91926 3
3.51806 3
3.46389 5
3.36443 3
3.14522 2
2.50434 2
2.91345 3
4.09837 3
3.06699 4
3.80995 3
3.18347 1
3.28547 4
3.49942 4
2.65485 3
3.43566 3
2.99726 3
3.31146 5
3.06887 2
3.87468 4
3.38483 3
3.19796 3
3.29627 4
3.07998 2
3.62279 3
3.07914 3
3.26755 4
3.58846 3
3.9519 4
4.13803 4
3.6915 3
3.7577 3
3.35744 3
3.87521 4
3.92791 2
3.30492 4
3.30987 5
3.00967 3
3.54035 5
2.98508 2
3.47281 5
3.6729 3
3.08473 4
3.04049 2
3.45551 5
3.35246 4
3.97273 4
3.38946 3
3.53928 4
2.58614 3
3.40608 2
3.70293 5
3.10672 3
3.59757 4
2.94946 3
3.4248 3
3.93316 5
4.09354 5
4.11003 4
3.44812 2
3.00489 5
3.94924 1
3.04335 4
3.62952 4
3.09816 4
3.21466 3
2.53281 2
2.83908 2
3.51522 2
3.18634 3
3.92932 4
2.98056 3
3.65743 3
4.08603 3
3.48503 3
3.25724 5
2.96316 4
3.26525 4
3.60468 3
4.09742 5
3.47799 4
3.25612 2
3.80367 3
3.30754 4
3.8102 3
3.62104 4
3.64322 3
3.55673 4
2.90861 3
2 3
3.37594 3
2.61572 3
3.30522 3
2.85923 2
3.51193 4
3.37952 2
2.56799 1
3.07703 3
2.99111 4
3.63214 3
3.32095 3
3.35275 2
3.49785 4
2.96285 4
3.33357 3
3.48313 2
3.49439 5
3.41014 3
3.01844 3
4.01449 4
3.21022 3
3.37634 4
3.88343 4
3.25416 3
4.00171 2
4.33045 5
3.81593 5
3.14304 3
3.45226 4
3.01233 4
3.74388 4
2.73063 4
2.88677 1
2.98204 3
3.59516 1
3.23283 4
3.13768 3
3.69607 4
3.61877 4
2.698 2
2.51727 2
3.78449 5
3.57375 3
2.56354 5
3.30284 1
3.00878 3
4.03708 5
4.06351 2
2.75061 2
3.93299 4
4.09128 5
3.96089 3
3.7536 5
3.8781 3
2.4814 3
2.77451 4
3.08096 4
3.59017 4
3.36658 2
3.05232 2
3.41867 3
3.39265 4
4.08146 4
4.11535 4
1.64422 1
3.48989 3
4.12304 1
2.95912 3
3.09603 4
2.98031 2
4.18619 4
3.18589 3
3.58372 4
3.77576 4
2.82187 1
3.18329 1
3.41451 3
3.21907 3
3.55626 2
3.74314 5
3.03418 1
3.17318 3
3.70561 4
3.64391 4
3.37656 2
4.02005 5
2.99534 1
3.57952 4
3.40748 4
3.41976 5
3.58691 2
3.74686 4
3.26897 4
4.086 5
3.39397 3
3.43347 5
3.91714 4
3.23943 2
3.24185 2
3.14886 3
3.91571 5
3.65934 5
2.8594 2
3.88802 5
3.10809 3
3.78622 5
4.41897 4
3.32961 5
3.96167 4
3.39225 3
2.57821 4
3.54863 4
2.90539 3
4.11542 5
3.44857 4
3.36387 5
3.65991 3
3.04591 3
2.59778 3
2.69197 3
4.37976 5
2.75521 3
3.27044 2
3.34063 3
4.44778 4
3.64708 4
2.88474 4
3.51231 4
2.75379 4
3.61753 4
2.25226 3
3.51561 2
3.3709 5
3.26734 5
3.72372 4
3.13197 1
2.77628 3
3.59957 3
3.3974 4
3.39415 3
3.79315 4
3.30329 3
4.477 5
3.55656 5
3.69328 4
3.01041 3
4.13245 5
2.7844 2
3.69678 3
3.62201 3
2.94014 3
3.76448 3
3.37082 3
3.62636 4
3.20599 3
3.3193 1
3.58778 5
4.01569 5
3.38022 2
3.98165 5
3.46014 4
3.70627 2
4.04856 2
3.3511 4
3.39129 3
3.68417 3
2.99412 3
2.42471 1
2.49775 1
3.64823 3
2.52847 3
3.18735 3
2.55142 4
3.71572 2
3.42452 4
2.95527 4
3.20377 5
3.79995 3
3.66879 2
2.89655 1
3.8804 4
2.78391 3
3.78402 4
3.15223 5
3.53285 4
3.64388 3
3.3598 2
2.96171 5
4.31521 4
3.40325 4
2.90999 2
2.51475 1
3.37579 3
3.63565 5
4.01829 5
3.47118 3
3.1687 3
3.53165 2
3.36925 4
3.22446 4
3.53371 2
2.81981 2
2.94231 2
3.15455 2
3.30656 2
3.40475 3
2.83302 3
3.82707 4
4.23844 5
2.69381 2
3.58773 3
3.4767 3
4.21489 4
3.15564 3
3.40366 3
3.38034 3
4.01716 4
3.38577 3
2.56134 4
2.64833 1
3.42383 4
3.15815 3
4.29548 4
2.80763 3
3.09561 4
2.88675 3
3.88006 4
2.67091 3
3.42082 4
3.99146 3
3.26005 3
2.91438 5
2.64111 1
3.15924 3
3.94308 4
3.17949 4
2.44246 3
3.49751 5
3.16925 3
3.24858 3
3.6365 3
4.09782 4
3.91322 5
4.10096 5
4.16287 4
3.47732 3
3.04169 5
3.07522 4
3.7829 4
2.68004 3
2.6549 1
2.94507 2
3.54314 4
2.29148 2
3.82987 3
2.71235 2
3.50163 4
3.55569 4
3.34943 3
3.6524 3
3.66932 3
3.29335 1
3.36624 3
2.97028 4
3.87598 4
3.7276 5
3.27744 3
3.02918 2
3.5746 3
4.13822 5
3.47838 4
3.73403 4
3.19818 2
3.90391 2
3.24453 4
3.07777 2
3.71765 3
3.66319 4
3.36422 3
3.5414 3
3.01013 3
3.63816 3
4.02253 4
4.22066 4
3.44564 4
2.84933 4
3.83627 5
2.30352 2
3.70177 3
3.63598 3
4.05872 4
3.16722 1
3.63404 4
3.10258 3
3.268 2
2.30477 3
4.20773 4
2.71366 2
2.1987 2
2.96568 4
3.85005 4
3.99266 4
3.58298 5
3.8691 5
3.69641 4
3.08021 4
4.10909 3
3.52216 3
3.60043 4
3.60799 4
4.13335 4
4.2909 5
4.11342 3
3.06528 1
3.405 2
3.11375 3
3.19587 3
2.63861 2
2.07985 2
3.36604 5
3.28347 5
3.65491 4
3.12702 2
2.98892 3
3.95266 3
4.00176 5
3.53114 3
3.08276 3
3.62189 4
3.70451 4
3.65256 3
3.34502 3
4.5715 5
2.98172 1
4.01829 5
4.30518 5
3.80471 5
3.97583 5
3.31892 5
3.87745 5
3.18512 4
3.4521 3
3 4
3.46131 4
3.8537 4
3.54498 4
2.85343 3
2.63422 2
3.67262 5
2.46985 5
3.01111 4
4.13067 5
3.82887 5
4.04017 4
3.89333 4
2.93302 4
3.0275 2
3 4
3.25445 3
2.87113 3
3.31594 1
3.66197 4
3.8309 5
3.11891 3
2.81558 5
3.96041 4
3.69152 5
3.99979 5
2.98375 3
4.25351 4
3.1039 2
3.03632 3
2.83214 1
3.4563 4
2.73933 4
3.81372 5
2.55423 1
2.86084 3
2.98598 2
3.16684 1
2.9712 3
4.0314 4
2.8804 3
3.30111 4
3.48021 3
2.72433 3
1.90181 1
4.03916 5
3.21199 4
2.11085 2
3.97973 4
3.09473 3
3.12651 3
3.86032 3
2.9849 3
3.22143 3
3.37992 3
3.46079 5
3.25382 3
3.59069 5
3.7184 4
3.86168 4
3.27064 3
2.93511 3
3.25035 5
2.94078 2
4.55733 4
3.30314 4
2.72056 5
2.99674 3
3.60672 3
3.23417 3
2.89672 3
5 2
3.53157 5
4.1357 5
3.22346 3
3.36295 5
3.74203 4
3.53789 4
3.48681 3
3.50181 2
3.03098 3
3.60883 2
3.23705 3
3.34201 5
3.70494 3
4.06766 5
3.61778 3
3.50309 2
3.564 3
3.36584 4
2.02223 2
3.15557 3
2.81854 2
3.17605 4
3.8702 3
3.69207 3
3.48072 2
2.70584 3
2.78501 2
3.16076 3
3.42945 3
2.50479 2
2.50076 2
4.04743 5
3.83059 3
3.75661 4
2.87939 4
3.94783 4
3.41983 3
2.29129 1
3.39529 3
3.17878 4
3.62967 4
4.0029 5
4.24155 5
3.55285 5
3.00276 3
3.5328 4
2.43243 3
2.74204 3
3.36647 2
3.58506 5
2.49135 3
3.28766 3
3.6277 3
3.88642 3
3.5278 3
3.80388 5
3.77096 4
3.31297 3
3.34548 4
3.11488 3
3.44306 4
2.54947 1
2.98169 3
3.7832 5
3.61327 2
3.66123 5
3.07872 3
3.46532 4
3.15156 1
3.15912 4
3.74018 4
3.32614 5
3.3681 3
3.48987 3
3.10358 4
3.70233 4
3.90731 4
3.20996 4
3.27035 3
3.55383 3
4.62755 4
2.93088 3
3.60801 5
3.90752 4
4.03136 2
3.46284 1
3.54092 4
3.64001 4
3.63794 5
3.67751 4
3.66885 5
3.37396 4
3.72685 5
2.5567 2
2.69647 2
2.26323 2
3.73102 3
2.75518 1
2.68422 3
3.3985 4
1.81253 2
3.71202 4
3.59381 3
3.27839 4
2.4746 2
3.45505 3
3.71851 3
3.54249 4
3.54824 5
4.2718 5
3.77655 3
3.4266 5
2.88191 3
4.08632 4
3.13243 3
4.84878 5
3.43902 4
3.03682 4
3.79699 5
3.99645 5
3.12873 2
3.9142 4
3.6529 3
3.80944 2
3.23791 3
3.11431 3
2.8216 3
3.89825 3
3.40205 3
3.20365 3
3.58223 4
3.7708 5
2.93981 2
3.26748 4
3.87355 3
4.079 5
4.24084 5
4.52122 4
3.43195 4
3.4003 5
3.02512 3
3.80623 3
2.99033 2
3.55022 3
2.99944 4
3.73422 3
3.14456 5
3.29956 4
3.26888 5
3.98085 5
3.32013 3
3.84327 3
3.39742 4
4.31828 4
4.0074 4
4.45667 4
4.27166 3
3.01877 3
2.72688 3
3.83934 3
3.25584 4
3.5537 4
4.76246 5
2.2396 2
3.66303 3
3.2528 2
3.23152 4
3.29721 2
3.77151 5
3.68686 3
4.0545 5
5 3
3.57508 3
3.10289 4
3.9705 4
3.68337 2
3.19162 5
4.50983 5
3.61464 5
3.79305 3
2.91234 3
2.78548 3
3.2834 2
3.05923 3
3.61839 5
2.70257 1
3.45329 3
3.68648 4
3.26318 3
3.6748 4
3.55507 4
3.2107 1
2.87879 3
3.12705 4
3.92497 5
4.25561 2
3.62885 4
3.32456 3
2.87342 3
4.60061 3
3.21046 3
3.17551 3
3.68277 4
3.6062 4
4.09692 5
3.57694 3
3.63545 4
3.45983 4
4.26146 5
3.57133 5
3.37988 5
3.29048 4
3.53222 4
2.95509 2
2.87115 2
3.37339 3
2.76815 2
2.79588 1
3.84065 4
2.83775 3
4.12625 4
3.87009 4
3.93184 5
3.41717 1
4.12126 4
3.38179 4
3.86113 5
3.22233 3
3.757 3
4.2724 5
3.22354 5
3.1532 4
3.12239 5
3.72941 4
3.54994 4
3.54193 3
3.40656 3
3.61732 4
4.31514 4
2.92421 2
3.10177 3
3.31008 1
1.76049 1
3.77375 2
2.61307 2
3.00999 2
4.04345 4
2.93098 3
3.57401 3
3.80619 3
3.0765 2
3.64635 4
2.50048 4
2.44501 2
4.25905 4
4.30425 4
4.05979 4
3.71157 4
3.97603 4
4.04609 5
3.64222 3
3.35646 4
4.17525 4
3.37916 4
3.55544 4
3.49011 1
3.11603 4
3.49144 4
3.19212 3
2.81918 2
3.80628 3
3.06855 3
2.54698 3
2.77038 3
3.517 4
3.98285 5
3.4517 3
3.31796 4
3.41426 3
3.32532 3
3.33932 1
2.9519 3
3.85221 3
3.38877 3
3.471 4
2.68058 5
2.85526 4
3.80277 4
3.7287 4
2.597 3
3.59416 4
3.76871 3
3.47659 3
3.15898 3
3.29894 5
3.84669 3
3.04131 3
3.05511 2
3.06993 2
3.54061 3
3.19759 1
3.1905 3
3.02186 3
2.96381 3
3.10173 4
3.56672 4
3.41502 5
3.2713 3
3.14345 2
3.09986 3
3.85612 4
3.29188 3
3.11324 4
3.44817 3
3.22446 4
3.51783 3
3.54871 3
2.70722 2
3.43603 4
3.47341 5
3.9126 5
3.11008 4
4.25254 5
3.49389 4
3.01465 5
3.90292 5
4.22217 4
3.3409 3
3.37241 4
2.72685 3
4.3974 5
4.32011 5
3.50715 2
3.73408 4
2.76469 1
3.86469 3
3.33293 5
3.11774 5
3.39953 4
3.64869 3
2.36763 3
3.70501 4
3.59292 5
3.5383 2
3.86372 3
3.75255 5
3.89208 5
3.51181 3
3.54925 3
4.6585 5
3.44011 3
3.1524 3
1.17449 1
3.56825 4
3.72106 4
3.80997 4
3.34056 3
3.00056 4
3.21033 3
3.53979 2
3.51913 3
3.86899 4
3.02542 2
2.14736 1
2.77122 2
3.91278 4
3.26317 4
3.27576 3
3.61288 5
3.9285 4
3.14769 5
3.22159 4
3.18554 3
3.9275 4
2.59768 4
3.89156 5
3.83522 5
2.19367 3
3.25607 3
3.58795 5
3.88673 3
