1.6308 1
3.00078 4
2.79217 5
4.99035 5
3.13663 2
4.15207 3
2.10012 2
2.87571 3
1.80187 1
2.59504 3
2.30217 4
3.95614 3
4.6438 5
4.34061 4
4.12723 4
3.41869 3
4.4017 1
3.91616 2
4.35141 5
2.88719 3
2.80108 2
3.4549 3
2.94394 5
3.04689 2
2.16947 2
4.04735 3
4.03064 4
2.87426 2
2.01645 1
1.315 1
2.47991 4
2.86825 3
3.94119 3
3.99807 4
4.73171 5
3.99057 5
3.47811 2
3.40267 4
4.22235 4
4.01827 4
4.05046 4
3.53864 4
3.10026 4
3.42908 4
1.81979 3
2.75119 3
3.48026 4
2.94817 3
3.461 3
1.32732 1
4.003 4
2.38688 3
3.20912 3
2.93913 3
3.69408 4
3.7926 4
4.79695 4
3.89699 4
3.05068 4
3.6203 4
4.27848 2
3.16355 4
2.89779 3
2.58198 4
3.83629 4
3.689 4
4.02008 4
3.56544 3
3.3749 3
3.45899 3
3.67028 4
3.00452 2
3.65239 4
3.52283 5
3.38381 4
3.9413 5
2.39757 2
3.404 4
2.75969 4
3.45423 4
4.35429 3
2.71472 3
3.99812 3
4.03431 4
4.09256 5
2.48562 3
2.99285 2
3.44984 5
2.37861 3
2.70276 2
3.32339 2
3.04304 3
2.87244 1
3.31168 3
3.20171 4
3.40267 4
1.02691 1
3.16646 3
3.74553 3
5.02476 3
4.14802 4
4.09064 4
3.82954 3
3.17735 3
3.09144 5
4.05058 3
2.72269 2
3.14766 3
4.0374 5
1.1392 1
3.6997 5
4.12374 3
3.21597 4
3.17597 4
3.22716 3
3.69491 4
3.91581 2
3.36502 3
2.96638 3
3.56137 4
3.48323 5
1.91905 2
2.27191 1
2.6161 3
3.57051 5
4.29155 4
3.55517 3
4.76085 3
2.05334 1
4.13216 5
3.96227 4
3.53935 5
2.72525 2
2.5618 4
3.96304 4
3.06965 2
2.98429 3
3.00433 3
1.74913 4
3.66519 4
3.58735 3
3.58986 5
3.78104 2
2.79144 2
3.31229 2
3.46925 4
3.13921 3
3.16536 2
3.23429 4
1.59415 1
3.36238 2
3.17225 4
3.2369 4
2.90945 3
3.22033 4
3.56864 4
3.46946 4
3.80521 5
4.05117 5
2.50193 4
3.43003 4
2.81937 4
3.62589 4
2.71901 2
3.46108 2
3.65769 3
3.26652 4
3.22124 5
3.5227 5
3.88426 4
2.82864 5
4.35433 5
4.45041 4
2.77202 4
3.46473 4
2.65283 2
4.12101 3
3.11673 3
4.17684 4
3.70532 4
2.66892 4
3.99343 4
2.43716 2
3.77161 3
3.6603 3
3.19889 3
2.48572 2
2.71291 2
2.56968 3
2.46815 2
2.13388 2
3.30982 3
3.3582 4
3.62189 3
2.95789 3
4.45083 4
3.94126 5
3.43768 2
3.45677 3
4.54481 5
5.48432 5
4.33083 5
5.10299 5
2.34446 3
3.21331 2
4.21854 4
3.8191 4
3.81024 4
4.12313 5
4.59607 5
2.19149 3
2.91614 3
4.60139 3
2.90269 3
2.70235 3
3.61837 5
3.82937 4
3.49759 4
1.27008 4
3.40726 3
3.97603 3
3.24601 2
4.01303 4
2.83124 2
4.11461 5
3.29796 3
2.85577 3
3.54205 3
3.42873 4
3.29782 4
3.7053 5
2.64245 3
3.17787 3
3.57816 4
4.31207 3
2.82199 4
3.58572 4
3.7968 4
3.26921 3
2.73473 3
3.19416 3
2.34039 2
4.49425 5
4.28122 5
2.69255 2
4.02894 2
3.97843 4
3.10144 3
3.83214 2
4.41814 3
2.95779 3
4.03756 4
3.44123 3
4.23586 5
2.55575 3
3.15941 2
3.42303 4
3.86715 4
3.59813 3
3.06336 1
4.26801 5
1.71388 2
2.76784 2
4.44384 5
3.14262 5
3.87282 3
3.20372 4
2.75193 3
2.41727 3
3.89516 4
3.0066 3
3.11732 3
4.36051 4
3.41375 4
3.01978 3
3.0301 3
1.9601 2
2.58172 2
2.84613 4
3.3606 4
4.10287 4
3.92717 3
4.31038 4
2.2655 4
2.82048 3
4.27874 3
2.46149 3
2.61705 2
4.20614 5
3.01599 4
3.66477 3
4.57624 4
3.45486 4
2.57434 2
2.49449 2
3.80554 3
2.59643 2
4.5266 3
4.30664 4
3.70915 4
2.98956 3
2.24831 2
2.50495 2
2.81161 3
3.22313 2
2.59679 1
3.71355 4
2.86462 4
3.99758 5
2.36319 1
3.40109 3
4.39205 5
3.74525 4
4.05545 4
2.75237 4
3.40831 3
3.10199 4
3.42608 4
2.1377 1
3.31581 3
3.55488 5
3.82056 4
3.36589 1
3.85843 3
3.80985 5
4.08282 1
2.01295 2
5.01084 5
4.38948 5
4.52299 5
2.98386 3
3.26713 3
2.81386 2
4.41426 5
2.99284 2
2.96946 2
3.15993 4
3.79375 3
3.37618 3
1.97824 2
3.54918 2
3.75235 4
2.69511 2
2.48736 1
3.23426 4
3.18378 1
3.72418 3
4.15825 5
4.5999 4
3.86892 3
3.23536 3
3.99783 5
3.43567 3
3.22842 2
3.5912 3
3.89237 3
5.3002 5
3.71987 4
3.36668 3
1.73227 2
3.00528 2
2.52492 1
2.47551 3
2.64747 3
4.12195 2
3.5398 4
3.44653 3
2.73595 4
2.18608 2
3.29126 2
3.10547 4
4.67353 3
3.46539 4
2.15201 1
3.79911 4
4.08488 3
3.29313 5
3.67692 4
4.50711 5
3.16516 4
3.75213 3
3.62978 3
2.93715 4
3.33846 3
4.23582 5
3.58511 3
3.91743 3
3.76832 3
4.3334 4
2.33106 3
2.96402 2
2.33372 1
2.05078 2
2.82667 3
3.46303 4
1.95401 1
1.83885 1
3.02888 4
2.7356 2
2.59936 2
3.68205 3
3.21979 1
3.84826 4
3.37415 3
1.83496 1
3.45872 4
3.42072 4
3.50927 4
3.34767 3
2.56701 2
3.03138 3
4.3515 5
3.11521 4
2.26936 1
3.53253 5
2.75154 3
3.56423 3
2.92293 3
2.82386 3
3.08557 2
3.15095 4
3.70438 4
2.8909 1
2.26809 3
2.48052 3
3.31525 5
4.98406 5
3.62034 4
2.77432 2
2.33072 1
3.04723 3
3.10256 3
2.94107 4
2.73599 2
3.73082 1
3.35481 3
4.65938 4
4.00835 3
3.97389 3
4.06355 5
4.05389 4
3.84931 3
3.30513 3
3.0222 3
3.19453 3
3.97041 4
4.63867 4
4.81175 3
3.78525 5
3.25305 4
3.10272 1
1.73532 3
2.71415 3
3.02848 1
3.4226 2
3.17965 2
3.08925 4
3.35657 3
2.40234 1
2.90374 3
2.00114 3
2.44736 2
2.9707 3
3.01942 3
3.60428 3
3.95214 4
3.0927 4
3.54406 3
3.13466 3
4.88955 4
3.50746 5
3.5797 4
4.07162 4
2.66885 2
4.05723 2
2.62244 3
4.06572 4
4.32204 4
3.92061 4
3.29303 3
3.30581 5
3.58707 5
3.89136 5
4.72464 5
1.98161 1
1.26929 1
4.2897 4
4.42957 5
3.27203 3
3.49599 4
4.6859 5
4.67034 5
2.85908 3
3.99256 4
3.72701 3
4.04172 5
4.09382 5
3.73833 5
3.67468 3
3.64828 4
4.42343 4
2.72 3
2.85769 3
4.33031 4
4.93447 4
3.31127 4
2.70057 2
2.66225 2
3.12409 3
2.00286 3
1.90153 1
5.19324 4
3.6955 3
3.83115 4
3.95819 4
4.12741 4
4.02469 5
3.34861 3
4.05477 5
3.02367 2
3.60558 3
2.03193 3
4.06488 2
3.60662 3
3.24214 3
2.81682 1
2.42022 2
4.27638 5
3.9712 3
3.69344 3
3.51009 3
4.2313 4
3.79309 3
4.68398 5
3.75039 3
4.48052 5
3.65653 3
3.20119 4
2.47616 3
4.66615 5
2.96309 3
2.64395 3
3.37659 3
2.94265 1
4.15203 5
3.34221 4
3.65458 3
3.72834 3
3.68402 2
2.64997 2
2.99166 3
2.70235 1
3.68245 3
3.0175 2
3.46593 4
3.9776 4
3.09868 3
3.1891 3
3.92693 4
3.16702 3
3.9178 4
3.85683 4
3.69553 4
2.93916 4
3.52791 4
3.69705 4
2.81459 2
2.66141 2
3.55668 4
4.08036 3
3.00303 3
3.77731 4
2.86579 2
2.25501 1
2.49384 4
3.03681 4
4.42295 1
3.72881 4
4.19049 5
4.35493 5
3.89685 3
3.48751 1
4.06355 4
2.45972 3
2.86962 3
3.35959 3
3.8719 4
4.48056 4
3.08369 3
3.51858 5
3.65106 4
3.26458 4
3.3956 3
3.83752 3
3.59198 4
4.0711 5
3.43758 3
4.12876 5
2.10154 2
3.07262 4
2.8989 3
2.51674 3
1.34439 2
2.61187 3
3.82264 4
3.4754 3
2.80981 3
2.64958 2
3.8221 4
3.87004 4
3.85722 3
5.35492 5
3.15963 3
3.77495 4
3.17179 3
4.07466 5
2.59888 3
3.73939 4
3.72292 3
2.85719 3
2.82969 3
3.01678 3
1.72303 5
4.06506 5
4.59615 5
4.08924 4
4.42665 5
3.7221 4
4.22734 4
4.36267 4
3.4857 3
3.4734 2
3.87382 4
3.18197 1
3.24749 2
3.45265 3
2.78571 2
3.38962 4
3.16414 4
4.05478 4
1.97536 1
2.54317 2
3.95989 4
4.15202 5
2.87703 3
3.36629 4
3.52846 5
3.48142 3
3.39346 4
3.43507 3
4.21678 4
3.40115 1
3.15526 3
3.71872 3
3.14814 2
3.6353 5
3.19115 2
2.64077 2
3.56402 5
3.46739 3
3.09002 4
3.30673 5
3.30266 3
4.21675 4
4.03897 4
3.61182 3
3.74168 3
3.33804 2
3.47786 4
4.96687 5
2.95496 5
2.94051 3
2.9514 5
3.49433 3
3.31164 1
3.51015 4
3.35245 3
4.27386 5
2.70781 3
2.90199 2
3.05256 3
4.00615 4
3.28337 2
2.66473 3
3.8448 4
3.13488 4
3.61615 4
4.72766 5
3.63603 3
4.38383 5
2.0841 2
3.06923 3
2.03721 1
3.06751 3
3.75008 5
2.79219 2
3.92476 4
2.97277 3
3.1873 3
3.09583 4
4.1804 5
4.01175 4
3.5811 4
4.08263 4
4.21225 3
4.27463 3
4.03422 5
3.04521 3
2.95154 4
2.58026 3
3.74918 4
3.20174 2
2.78574 2
2.94032 3
1.96572 3
3.88691 4
3.34249 3
2.74787 1
3.19798 4
4.1649 4
3.16506 2
4.21825 3
2.40254 3
3.8193 4
3.32145 3
3.54985 5
2.94932 2
3.61343 4
2.81457 3
4.22066 4
3.64546 3
2.84111 2
2.28252 2
2.99792 1
1.85922 3
4.5181 3
4.46704 4
3.51483 4
3.09251 2
4.01314 2
3.58869 3
4.56044 4
4.26568 4
3.56365 3
4.20755 4
3.17221 4
3.37595 4
3.14294 3
2.09217 1
4.04408 4
3.55299 5
3.33871 3
3.53779 4
2.58314 3
3.06437 4
3.40923 4
2.68858 5
2.95783 3
3.81316 4
4.11452 4
4.28852 4
3.94093 5
4.20554 3
4.04871 4
4.54713 3
4.14125 4
4.11143 4
4.33179 4
3.91178 5
2.50895 4
2.27272 2
2.89271 2
3.49711 3
2.35795 3
2.90698 3
3.3087 2
3.24015 3
3.35872 3
3.04214 3
4.00829 5
2.75238 1
3.12324 3
4.44495 5
2.79401 3
4.00311 5
3.30404 4
3.27318 3
2.90962 3
3.1772 2
3.1199 2
4.71349 3
4.26355 3
3.69764 3
3.03386 3
2.95487 2
1.85005 2
3.50049 3
3.50813 3
3.21987 2
3.04271 3
2.28258 3
3.21502 2
3.53286 2
2.41339 3
3.28296 3
3.10752 4
3.23478 3
4.3888 3
4.02709 3
3.75575 5
3.50729 2
3.41193 5
2.27929 1
4.42444 5
3.38857 3
3.07076 2
3.22011 4
2.68126 3
3.07625 4
3.76204 5
3.614 4
3.87422 4
4.72955 5
2.36539 3
1.11098 1
1.37342 1
3.13944 2
3.49744 4
2.64082 2
3.04848 2
3.59351 3
3.693 2
3.03458 3
3.97882 3
3.63917 5
3.12307 3
2.74734 2
2.1182 2
2.51877 3
3.92879 3
2.83998 4
3.60963 3
2.73442 1
3.38783 4
3.56941 4
1.89404 3
3.81066 3
3.35127 3
3.84491 5
3.39508 2
2.61965 4
2.50182 3
2.82101 3
3.49572 4
2.65243 2
3.6854 3
3.75242 3
3.34225 4
3.45048 3
4.06107 4
3.90554 4
3.74077 3
3.45748 3
3.28657 3
3.89776 4
3.15045 2
3.46541 4
3.45381 5
3.08065 3
2.99209 5
2.93283 2
3.35453 5
3.08581 3
3.5842 4
3.80137 2
3.93771 5
3.76847 4
4.34622 4
3.01627 3
3.3973 4
2.53426 3
3.06707 2
4.0461 5
2.76709 3
3.67524 4
2.99516 3
3.64322 3
4.29698 5
4.3288 5
4.2005 4
3.28972 2
3.2251 5
4.16729 1
3.13554 4
4.05147 4
3.08161 4
3.30609 3
2.61991 2
3.28026 2
2.90971 2
3.53368 3
4.29031 4
3.56615 3
4.011 3
3.92616 3
4.03494 3
3.93961 5
2.96866 4
3.77924 4
3.49767 3
4.08167 5
3.45222 4
2.80231 2
3.88286 3
3.22877 4
4.01316 3
2.72579 4
3.75187 3
3.71907 4
3.02414 3
2.72214 3
3.13018 3
2.53707 3
2.36094 3
2.31239 2
3.00672 4
3.18843 2
2.08163 1
2.57851 3
3.52214 4
3.5576 3
3.23441 3
3.21828 2
3.33928 4
2.53822 4
3.20241 3
3.31067 2
3.51275 5
3.31741 3
3.00168 3
4.19061 4
2.57058 3
3.1392 4
2.98011 4
2.95247 3
3.55441 2
4.33627 5
3.73259 5
3.5718 3
1.74583 4
3.1486 4
3.95985 4
3.17789 4
3.0308 1
2.86296 3
3.80529 1
2.90391 4
2.92935 3
3.93962 4
3.98738 4
2.93874 2
2.73639 2
3.78719 5
3.10321 3
2.73921 5
4.12376 1
3.47957 3
2.84168 5
2.50944 2
2.45565 2
3.91893 4
4.36246 5
4.39484 3
4.21671 5
4.40414 3
2.9255 3
3.20739 4
3.74936 4
3.60465 4
3.32295 2
2.93402 2
3.23526 3
3.29386 4
4.17616 4
4.35691 4
1.55765 1
3.9187 3
3.39512 1
2.54862 3
2.18567 4
2.28695 2
3.59137 4
2.23476 3
3.6411 4
3.9969 4
2.5717 1
2.94723 1
3.19253 3
2.83177 3
3.72248 2
3.49634 5
2.64481 1
2.83917 3
3.75083 4
3.79635 4
3.56562 2
4.43345 5
3.47787 1
3.99687 4
3.91097 4
3.88236 5
3.73575 2
4.19435 4
3.76765 4
4.52376 5
3.67367 3
3.70447 5
3.70714 4
2.9261 2
2.74621 2
2.84068 3
3.91457 5
4.05484 5
2.90179 2
4.7511 5
3.10957 3
4.12663 5
4.56468 4
3.48712 5
4.21312 4
2.71555 3
2.07952 4
3.85688 4
2.72731 3
4.1695 5
3.71157 4
3.64635 5
3.14713 3
2.81129 3
2.30676 3
2.62891 3
4.50579 5
2.95028 3
3.39578 2
3.3377 3
4.65391 4
3.95137 4
3.17721 4
3.91312 4
3.15797 4
3.49626 4
2.31551 3
3.01005 2
3.56917 5
3.65135 5
3.99128 4
3.1302 1
3.32729 3
3.57725 3
2.0859 4
2.63248 3
3.87 4
3.66798 3
4.72505 5
3.54942 5
3.95373 4
2.99075 3
4.73719 5
1.93509 2
4.01482 3
3.89898 3
3.12409 3
3.41416 3
3.89809 3
3.85704 4
2.75477 3
2.60365 1
3.41992 5
4.41637 5
3.05436 2
4.69124 5
3.30799 4
3.63477 2
3.987 2
2.95184 4
3.5286 3
3.68022 3
3.12178 3
2.23715 1
2.07671 1
3.75042 3
2.92699 3
3.30308 3
2.55711 4
2.71439 2
3.87872 4
3.48517 4
3.33142 5
3.03041 3
3.07368 2
1.89072 1
4.119 4
2.44277 3
4.42308 4
3.29586 5
3.93097 4
3.88256 3
3.21515 2
1.43837 5
4.54145 4
3.34855 4
1.8682 2
2.22575 1
3.3419 3
3.69397 5
4.09916 5
3.50986 3
2.66524 3
3.81183 2
3.41493 4
3.07854 4
2.4383 2
2.42619 2
2.81607 2
2.50302 2
2.55475 2
3.5121 3
3.10017 3
3.63323 4
4.03493 5
2.34387 2
3.07821 3
3.7726 3
4.64834 4
3.51535 3
3.32554 3
3.42483 3
4.09972 4
3.4794 3
1.99166 4
2.3256 1
3.80108 4
3.33109 3
4.32707 4
3.06125 3
2.88285 4
2.64084 3
4.00173 4
2.96374 3
3.29761 4
3.87222 3
2.14454 3
3.0485 5
1.9457 1
3.09404 3
3.97795 4
3.42979 4
2.04097 3
3.38388 5
2.71293 3
3.0579 3
3.32395 3
4.57894 4
4.48844 5
4.44646 5
4.44251 4
3.7621 3
3.58817 5
3.91361 4
4.36676 4
3.07881 3
1.84782 1
2.46418 2
3.80536 4
2.441 2
3.72554 3
2.2541 2
3.34581 4
3.25627 4
2.81831 3
3.27517 3
3.06274 3
3.03836 1
3.44365 3
2.88349 4
3.96165 4
3.98597 5
3.37955 3
2.25562 2
3.82136 3
4.0969 5
3.81907 4
4.01914 4
2.66312 2
2.72912 2
3.38491 4
3.20312 2
4.0093 3
3.86405 4
3.18126 3
3.54803 3
1.56809 3
3.47097 3
3.84168 4
4.25977 4
3.58162 4
2.84897 4
4.41738 5
2.32186 2
3.62022 3
3.37885 3
2.92401 4
3.69667 1
3.66961 4
3.10201 3
2.84676 2
2.54511 3
4.2338 4
2.77618 2
3.54925 2
2.01566 4
3.91406 4
4.11144 4
3.81271 5
3.83963 5
3.64668 4
3.16198 4
4.00656 3
3.43195 3
3.55124 4
3.41223 4
3.8318 4
4.18468 5
3.94636 3
3.47108 1
3.26506 2
3.66589 3
2.16105 3
2.0575 2
2.19974 2
3.67098 5
3.499 5
3.70756 4
2.99795 2
3.28908 3
3.8201 3
4.0171 5
3.39302 3
3.58614 3
3.85147 4
3.98852 4
3.62254 3
3.20015 3
4.55432 5
3.17563 1
4.69995 5
4.69069 5
4.59653 5
4.60209 5
4.25792 5
4.14047 5
5.24457 4
3.24192 3
3.35254 4
3.35096 4
3.9199 4
3.52804 4
2.64278 3
2.29148 2
3.71831 5
2.6179 5
3.24735 4
4.1961 5
4.07635 5
4.205 4
4.30093 4
2.98801 4
3.28546 2
3.21654 4
3.55959 3
3.34468 3
3.72071 1
3.86788 4
3.86366 5
3.80009 3
3.61798 5
4.76889 4
4.42506 5
4.78526 5
3.98007 3
4.83352 4
2.72218 2
2.59043 3
2.46199 1
3.43708 4
2.58931 4
3.97717 5
2.63327 1
2.78173 3
3.95516 2
3.37564 1
3.13692 3
3.7436 4
2.99414 3
3.33805 4
3.86076 3
2.91158 3
1.13803 1
4.18939 5
1.92039 4
1.46984 2
3.31167 4
3.54086 3
3.446 3
4.17306 3
2.5699 3
3.60364 3
3.41985 3
3.56326 5
3.42181 3
3.82839 5
3.72415 4
3.57196 4
3.25393 3
2.83758 3
3.22232 5
2.58957 2
4.28257 4
3.50022 4
2.92997 5
3.31793 3
3.85699 3
3.53025 3
2.93189 3
3.99754 2
3.95976 5
4.76565 5
3.83028 3
4.28315 5
3.88592 4
3.87668 4
3.13246 3
2.64108 2
2.6924 3
3.98104 2
3.69082 3
3.5347 5
3.49779 3
4.22141 5
3.56341 3
3.11492 2
3.63142 3
3.32455 4
1.60336 2
3.35814 3
2.8938 2
3.27933 4
3.97157 3
3.59423 3
3.50556 2
2.99045 3
2.57508 2
3.32391 3
3.46958 3
2.11621 2
2.28054 2
4.10962 5
3.82277 3
3.94178 4
3.69896 4
3.73276 4
2.65647 3
1.89374 1
3.38031 3
3.15826 4
3.64811 4
4.13412 5
4.08915 5
3.75478 5
3.55894 3
3.66229 4
2.26622 3
2.77446 3
3.24309 2
4.08023 5
2.375 3
3.21174 3
3.52805 3
3.68925 3
3.56383 3
4.22958 5
3.30968 4
2.73464 3
2.84191 4
2.76655 3
3.28321 4
2.38205 1
2.58978 3
4.03487 5
3.61932 2
3.86693 5
3.02615 3
4.07023 4
3.7789 1
3.52416 4
4.3552 4
4.1246 5
4.05627 3
3.93699 3
4.17194 4
4.29001 4
3.52886 4
3.00831 4
3.05515 3
3.76202 3
4.57213 4
1.43357 3
2.7639 5
3.06137 4
3.32047 2
2.47696 1
2.48213 4
3.94612 4
3.65342 5
3.90297 4
3.39618 5
3.28844 4
4.20364 5
2.21541 2
2.93457 2
1.73239 2
3.3219 3
1.68972 1
2.39254 3
3.36976 4
1.78866 2
3.85972 4
3.72954 3
3.63321 4
2.52927 2
3.86369 3
4.05962 3
3.76662 4
3.73301 5
4.6092 5
3.97322 3
4.4872 5
3.02562 3
4.50671 4
3.52128 3
4.86945 5
3.57277 4
2.93062 4
3.87712 5
4.36337 5
3.2751 2
3.59759 4
3.5391 3
4.14518 2
3.15867 3
3.09841 3
3.29907 3
4.22606 3
3.54088 3
3.3124 3
3.71601 4
3.34003 5
2.16163 2
3.50245 4
3.58181 3
3.67901 5
4.80367 5
5.10853 4
3.80627 4
3.58175 5
2.42925 3
3.53802 3
2.79628 2
3.4932 3
4.10857 4
3.87558 3
3.13732 5
2.98424 4
3.24882 5
4.26381 5
3.14645 3
3.9243 3
3.38978 4
4.26804 4
3.87467 4
4.45306 4
4.07308 3
3.16253 3
2.6919 3
3.59073 3
3.4037 4
3.18992 4
4.90786 5
2.07299 2
4.30003 3
3.39567 2
3.215 4
2.89249 2
3.36785 5
2.96557 3
3.74897 5
3.06004 3
3.67892 3
3.64411 4
4.07544 4
3.7706 2
3.32636 5
4.93327 5
4.40861 5
4.03032 3
2.09619 3
2.81522 3
2.66831 2
2.60386 3
3.8377 5
2.6519 1
3.62655 3
3.80953 4
3.33923 3
3.95089 4
3.89429 4
2.70457 1
2.8515 3
3.4335 4
3.43406 5
3.51264 2
3.92984 4
2.97415 3
2.87333 3
4.34068 3
4.18203 3
3.2749 3
3.86724 4
3.7848 4
5.20839 5
3.82133 3
3.48916 4
3.8996 4
4.73047 5
3.71496 5
3.4204 5
3.93458 4
3.17279 4
2.24102 2
1.94966 2
2.9807 3
2.15117 2
2.42216 1
3.69187 4
2.19869 3
4.3587 4
4.17591 4
4.34864 5
2.06901 1
5.65133 4
3.45214 4
4.34622 5
3.83864 3
4.58347 3
4.65279 5
4.02155 5
3.51031 4
3.37612 5
4.30249 4
3.46009 4
3.15906 3
3.33122 3
3.69717 4
4.37294 4
2.79019 2
3.23273 3
3.33347 1
1.36012 1
3.70792 2
2.45052 2
3.08362 2
4.28275 4
2.94392 3
3.54369 3
3.69072 3
2.71768 2
3.50805 4
2.97943 4
2.5961 2
4.33595 4
4.49793 4
4.20822 4
4.04115 4
4.37494 4
4.54835 5
3.7943 3
3.51427 4
4.25021 4
3.25876 4
3.34072 4
2.98074 1
3.43181 4
3.33603 4
3.31695 3
2.60675 2
3.32941 3
2.86887 3
2.90313 3
3.59304 3
3.56962 4
4.24526 5
3.40127 3
2.78419 4
3.54733 3
3.36704 3
3.77724 1
3.25173 3
3.94281 3
3.59245 3
3.67583 4
3.0326 5
2.9269 4
3.80151 4
3.77477 4
2.17557 3
3.26809 4
3.91898 3
3.05678 3
3.05212 3
3.52406 5
3.57114 3
2.79804 3
3.02887 2
2.72982 2
3.22254 3
2.56557 1
2.85877 3
2.84938 3
2.46199 3
3.25123 4
3.9389 4
4.26625 5
2.91308 3
2.51256 2
2.18269 3
4.2099 4
3.33417 3
3.29146 4
3.75027 3
2.65801 4
4.47099 3
3.64508 3
2.58223 2
3.82828 4
4.14996 5
4.42232 5
3.99253 4
4.86236 5
4.18138 4
3.89956 5
4.59146 5
4.73802 4
3.60841 3
3.98548 4
2.77011 3
4.71085 5
3.3496 5
3.8331 2
3.69953 4
3.06754 1
4.27487 3
3.67212 5
3.9946 5
3.50989 4
2.5267 3
2.32917 3
3.71355 4
3.33376 5
3.77936 2
4.01358 3
3.94968 5
4.49085 5
3.36359 3
4.05413 3
5.49038 5
3.20602 3
2.67342 3
1.13139 1
3.4173 4
4.11248 4
3.94187 4
3.19511 3
3.32353 4
2.48661 3
3.47019 2
3.33566 3
3.55423 4
2.10294 2
1.51244 1
2.53079 2
4.112 4
3.4478 4
3.19512 3
3.7536 5
4.17185 4
3.53565 5
3.59223 4
3.47714 3
4.27723 4
3.32208 4
3.59985 5
4.51971 5
2.22096 3
3.81394 3
3.86708 5
4.72979 3
