14370:
3
4584:
2.30131
8619:
3.13238
3.16509
3.18359
2.55653
3
3
3.23696
2.72353
3.30399
6085:
3.7712
3.85232
4.18319
4
3.79753
3.67336
3.45741
3
3.8755
15389:
3.30015
3.81944
5561:
4
3.1887
4.34205
4
3.83961
3.70028
4
4.16072
4
3.69985
4
3.81607
4
4
4
3.87739
3.81203
4
3.62288
4
3.89586
3.70922
4
4
3.89798
4
4
3.86301
4
4
3
4
13352:
2.86054
12003:
3.55933
3.51272
3.43742
3.57983
3.48203
3.53642
3.45648
3.6122
3.53999
3.56504
3.3906
3.36369
3.51048
3.56766
3.71539
3.62474
3
3.42672
3.52523
3.56744
3.13477
4.26653
3.60212
3.66303
3.38715
3.33897
3.78148
4
3.74396
4.22097
3.53862
3.53844
3.38881
3.65085
4
3.64603
3.37305
3.41145
3.59443
3.79495
3.85348
3.78458
3.51561
3.48612
3.57337
3.37741
3.47133
3.63693
3.69999
2.63406
15881:
2.76564
6123:
3.34075
3
3.14169
2.78851
2.43408
1348:
3
5732:
3.84949
4
3.70466
4.52808
4
3.7429
4.17468
3.82933
4
4.19362
3.83669
3.89179
4.1858
3.70301
4
3.16326
4.26572
3.88124
3.83256
3.86389
3.86297
3.84351
3.51705
4.13052
4
4.23358
3.78853
4.30738
4
4
3.75142
4.34739
3.69857
3.84423
3.69979
3.87862
4.15383
4.19473
3.83281
3.86278
4.12647
4
3.56762
4
3.67213
3.8656
4
7705:
3.22242
2.32566
3
2.56872
11890:
3.23371
10276:
3.87437
424:
4
3.51284
3.45316
3.45951
3
3.53829
3.60094
3
3.44719
3.80061
3.42898
3.80789
3.66049
3.45507
3.87705
3.38719
3.3737
3.6964
3.59282
3.65359
3.43764
3.59525
8539:
3.22078
3
3.51891
3.80195
3.66244
3.80454
3.82452
8376:
3.65602
3.49231
3.53513
3.46279
3.48345
10271:
3.30277
3
3.16762
3.17426
3.26449
3
2.52221
226:
2.62539
8576:
2.5881
1897:
3.2642
12962:
3
3835:
3
2.31068
2.64743
3.53216
3.44212
3
2.8523
2.7694
3.34585
2.72811
2.24921
2.18693
13102:
3.64649
2.61352
3.16169
3
3.31476
2.59088
3
3.23178
10851:
4
3
3.74217
3.71276
3.64859
7055:
3.27808
3.55967
3.34056
3.32685
3.51545
3.14967
3.15947
3.49134
3.36621
3.46512
3.56668
3
3.59446
3.72707
4
3.39461
3.40822
3.65695
3.47338
3.54322
3.48616
3.43324
3.42621
3.62281
3.70762
3.50263
3.56463
3.43624
4
3.54995
3.35745
3.29932
3.49506
3.72198
3.28654
2.72122
3.28785
3.81643
3.53407
3.56557
3.49243
4
3.55423
3.43482
4
3.39804
3.62773
3.1351
3.37235
3.54772
3.57946
3.67875
3.43471
3.57171
3.47701
3
3.56021
3.56325
3.54942
3.48044
3.63229
3.36507
3.51163
3.71002
3.62737
3.50402
3.40799
3.46231
3
3.38507
4
3.33448
3.37831
3.52917
3.39781
3.52846
3.47323
3.54721
3.60309
3.44057
3.32826
3.44737
3.45734
3.35915
3.51993
3.37536
3
4.135
3.54363
3.4983
3.54794
3.60583
3.47319
3
3.44682
3.42931
3.60735
4
3.39023
3.67598
3.51775
3.64448
3.37276
3.54078
3.66561
4
3.57997
4
3
3.641
2.89401
3.33242
8936:
2.61622
3
2.55067
2.58816
13953:
3.13767
2.52244
3
2037:
3
3.74449
3.21617
3.11364
2.65799
2.66758
3
3.70117
3
3.227
2554:
3.42175
3.84347
3
3.50014
4
3.5342
3.4786
3.4448
3.40025
3.59966
3.37868
3.52577
3.55871
4
3.28071
3.56177
3.47874
3.5607
3.46861
3.3373
17603:
3
2.49544
3.3015
3
1.85372
2
1.79052
2.56833
2
2.23011
10680:
3
2.83627
2.83055
2.88882
2.48527
2.49173
2.64516
2.84605
2.11006
3
3.20948
3
3.14325
3
2.57
2.3646
3
2.30599
3
3
2.14319
2.2547
3
3
2.82335
3.11282
3.4945
3
3
8179:
2
7693:
2.72504
3
3.18152
2.61873
17243:
2.76626
2.80293
2.22673
3
2.29807
2.88024
5936:
3.21969
6972:
4
3.31505
4
3
4
3.54904
3.26912
3.32985
2.64858
4.10499
3
2.72768
3.24455
3.59485
3.544
3.32931
3
3.75261
3.53707
3.13576
3.84185
3.67764
3.42806
3.14109
3
3
3.27949
3.52376
2.73811
3.27981
2.69578
3.7192
3.87055
3.175
3.50835
3
3.68667
3
3
3
3.14754
3.59816
3.73245
3
3.57883
2.75358
3.62402
3.11488
3.47636
3.74279
3.76617
2.87913
3.58422
3.5539
3.72334
3.3767
3.69063
4
2.63486
2.43288
3
3.13904
3.77013
3
3.67101
3
3.16413
3.54568
3.65841
2.62821
4.42169
3.42098
3.35088
2.8786
3.30336
2.70101
3.55848
3.40254
3.51292
3.58981
4.19575
3.53789
3.15854
3.61603
3.7135
3.10393
3.51553
3.83557
3
3.1292
3.51236
3.15014
2.50675
3.65252
4
2.84526
3.14012
3.50421
3.29057
3.10004
2.8473
2.25043
3.19465
3.45947
2.83418
3.13257
2.41611
3.84659
3.14046
3.37945
3.4191
3
3.33358
2.82629
3
3.61948
3
3.51849
3.57819
4.25203
3.55944
2.76535
3.28418
2.89796
3.80267
3.57202
4
16821:
3.40547
12497:
3.13752
3.29933
3.53395
3
3.34168
3.64804
2.69412
3.8472
3.66355
3.18511
3.19948
3.31357
3.24772
3
2.88677
3
3.24443
3.33459
3.28815
3
3.4125
3.28064
3
3.32999
3.16627
3.41946
3
3.41868
3.41222
3.33601
3
3.28698
3.24347
3.30903
3.2765
3.17693
3.29567
3.2534
3.16748
3.37981
3.32309
3
3.16359
3.18902
3
2.78002
3.10473
3.24679
3.32234
3.31925
3.28533
3.23312
3
3
3
3.17034
3.17902
2.89063
3.15845
3.44083
2.803
4
3.25733
3.31398
3.29045
2.22352
3
3.2175
3.3383
2.6472
3.30936
3.30151
3.46315
3.23592
3.18942
3.25625
3.14122
3
3
2.75163
2.84031
3.35367
3.32132
3.16994
2.84752
3
4
3.18459
3.16394
3.29683
3.25662
3.12967
3.74808
3.23691
2.86534
3.8783
2.82285
3.29698
3.24472
3.10042
2.75676
3.13032
3.34304
3.21362
3.18317
3.33109
3.81378
2.68876
2.74674
3.19835
3.44379
3.17101
3.13737
3
3.2148
3.3828
3.50529
3.37327
2.77308
3.28646
3.3663
3.1372
3.21247
3
3
2.64089
3.27635
3.17776
3.2427
3.26665
2.58082
3.20406
3.23698
3.31373
3.33359
3.2264
3.62914
3.36418
3.32509
2.82903
3.72939
3.22292
2.6696
3.26249
3.17535
2.75212
3.37101
3.26149
3.34193
3
3.18946
3.16293
3.3552
3.51938
2.72513
2.74239
3.22338
3.19285
3.33507
3.23728
3.15892
3.13038
12274:
3.13907
3
2.49274
662:
3.44952
3.67625
3.6577
3.48545
3
3.65
3.57985
3.55809
3.52181
4
3
3.47624
3.48114
3.78843
3.59093
3.66886
3.45773
3.72632
3.63124
3.55944
3.67992
3.53325
3.61318
4
3.80446
4
3.82099
3
4.16675
4.2291
3.85994
4
3.47613
3.46366
3.13691
3.65262
3.16603
3.15302
3.53669
3.43107
3.46198
3.2536
2.73725
3.7096
3.85609
3.67227
3.54763
3.75783
3.68203
3.69439
11707:
3.59186
3
2.35203
3
2.59966
4474:
2.56807
3
3
3
2.68462
3
3
3
3.19474
3
3
3.13598
2.48362
3
3.15958
3
2.5515
10608:
3.58204
3.76369
3.44315
3.54806
3.77669
3.56868
3.83527
3.63972
3.31361
3.63822
3.4443
3.53801
3.78741
3.45033
3.47969
3.50307
4847:
4
3.38747
3.76824
3.84358
3.55925
3.71927
3.86468
3.33346
3.72392
3.7763
3.86626
3.79353
4
4.36895
4
3.46819
3.87335
3.85793
4
3.83423
4
3.76963
3.8938
3.7718
3.66053
4.33453
4
3.7147
4
3.51076
3.72462
3.79263
3.63596
3.85775
4
3.89227
3.72169
3.82564
4.41513
4
4
3.87056
3.79797
4
3.21919
3.76391
4
4.13993
3.84063
3.82329
4
4
3.67989
4
4.31625
3.80344
4.30238
3.8082
3.29172
3.79945
4.29228
4
3.74404
4
3.74825
3.74125
4.18518
3.75286
3.83146
3.85116
3.72266
3.75144
3.87606
3.82799
3.83671
3.79267
3.68174
4.30392
3.72629
3.81312
3.83904
4.21898
3.33969
3.89369
3.81219
3.72099
3.83863
3.73365
3.75548
3.72654
4
3.88994
3.80189
4
4
3.75286
4.32969
4
4.33183
4.20784
3.84623
3.87759
4
3.62332
3.87486
3.83681
3.65758
4
4
4
3.87923
4
4
3.84335
3.79879
3.33849
3.80094
4
4.36022
3.89426
3.85611
4.50106
3.80772
3.74351
3.72919
3.10493
4
4
3.62172
3.82255
4
3.80002
4
3.78881
3.79294
3.76478
4
3.80539
3.88266
4
4
4
3.8547
3.5646
3.80525
3.80771
3.38121
4
3.85832
4.36251
4.32248
3.80343
3.7328
4.53332
3.72318
4.25786
3.39024
3.78366
4
3.82482
3.77215
4
3.82885
4.40064
4
3.55814
4.38483
3.77756
4.11267
3.75622
3.79524
4
3.41174
3.8173
4
3.74113
3.29295
4
3.79185
3.75275
4
3.78729
3.32775
4.2082
3.64099
3.7798
3.84988
2.48051
4.20685
4
3.77004
3.73703
4
3.81199
4
4
3.78321
4.13101
3.8377
4
4
4
3.78609
3.51334
4
4
3.40974
3.79748
4
3.78094
3.28511
3.81214
3.75336
4
3.8854
3.7386
3.34129
3.86471
4
4
3.48003
4
3.88054
3.84784
4
4
3.77002
3.75891
3.84965
3.87208
3.81936
3.78814
4.18924
3.7255
3.83867
4
3.76229
3.74237
3.71672
4
3.73161
3.84079
3.77618
4
3.79342
3.61622
4
3.78412
4
4
4
3.6239
3.83999
3.79376
4
3.85491
3.50128
4
4
3.72936
3.80999
4
3.77148
3.85999
4
2.80986
3.81398
15674:
3.46218
3.5456
3.51604
3.33916
3.51162
3.40364
3.36458
3.47654
2.85589
3.50059
3.36674
3.40655
3.47316
4
4
3.58835
3.63914
4
3
3.53788
3
3.47293
3.48429
3
3.48369
3.49128
3.57237
3.5526
3.35459
3.64896
2.8969
3.43587
3.5205
3.57576
4.25473
3.47764
3.56243
3.53971
3.72505
3.58161
3.47736
3.50897
3.64456
3.27491
3.34754
3
3.39585
3.57804
3.89701
3.61606
2.80654
4.26508
3.40336
3.41988
3.47973
3.61257
3.6117
3.58172
3.2925
3.53881
3
4
3.71242
3.61041
3.57523
4
3.37345
3.52486
3.46527
3.49021
3.35518
3.79569
3
3
3.74145
3.7224
3.68704
3.73373
3.25049
3.33009
3.34481
3.29038
3.40056
3.34637
3.46015
3.82679
3
3.58329
3.3359
3.65322
3.65228
3.62579
3.46981
3.61595
3.17955
3
4.21515
3.41181
4
3.49022
3.68992
3.61123
3
3.61071
4.28987
3.28073
2.51881
15358:
2.75185
2.71313
2.87151
2.86747
3.48232
3
2.20419
11283:
3.85861
3.78645
6632:
2.64925
3
3
3.3633
2.48128
3.56757
2.70264
2.86129
3.12095
3.10127
3.25821
2.53694
3.3476
3.20479
3.25663
2.47598
3.24443
3.35332
15440:
3.20616
3
3.42471
3.55966
3.26612
3.2184
3.33724
3
3.14304
3.55287
3.56162
3.33583
3.48637
3.37863
3.29498
2.85089
3.17503
3.28585
3
3
3.49976
4
2.51839
3.51893
3.33451
3.62442
3.50816
3
3.39443
3.37282
3.46114
2.71229
3.44287
2.704
2.84078
3
3.57252
3.31046
3
3.44744
2.74448
3.63682
3
2.85309
3.47244
3.89895
3.88585
3.4443
3.6695
3.29725
3.78039
2.38983
3.27331
8783:
3.15894
4081:
3
3
3
2
1263:
3.13667
7219:
3.80407
4
3.25763
16128:
3.87935
3.8309
3.8678
3.52115
3.69478
4
3.65867
3.84233
3.4833
3.79826
4
4.17661
3.42127
3.62582
4
3.17052
3.43704
3.82423
4
3.51708
3.79139
4
3.79422
3.58674
3.7328
3.5752
3.80117
3.53466
3.82172
3.79873
4
3.87684
3.62084
3.71756
3.82134
4.21212
3.80596
3.78164
4.31913
3.54292
3.7839
3.66888
3.83927
4
4
3.39146
3.79536
3.61168
3.86384
3.54992
3.86463
3.85178
3
4.20632
3.85022
4.13427
3.6283
3.50723
3.6662
3.2531
3.24505
3.5776
3.65476
4
3.80756
3.51639
4.29636
3.88289
4.30058
3.78995
3.76581
3.81647
3.53383
3.66042
3.79153
3.849
3.65952
3.46623
3.64435
4
3.62431
3.87997
4
3.43783
4
3.70192
3.87066
3.63569
3.61927
3.28453
3.51067
3.28993
3.41943
4
3.80765
3.69513
3.6617
3.27435
3.62101
3.78176
3.5435
3.87963
3.43954
4
4.41166
3.67308
3.87898
3
4
3.45412
3.446
3.76254
4
3.60502
3.79385
3.36421
3.8343
3.65848
3.6893
3.70632
3.22012
2.74787
4.36469
4
3.38223
3.38495
3.79273
3.88931
4
3.50229
4
3.70723
4.30516
3
3.7439
3.65621
4.61203
4
4
3.36347
3.74855
3.59288
4
3.65655
4
4
3
3.79979
3.69991
3.6575
3.41235
4
4
3.64439
3.68364
3.88009
3.80735
3.37369
3.20876
3.53127
3.59167
2.87857
3.6933
3.43563
3.78969
3.78219
4
3.7306
3.68248
3.74256
4
4
3
3.5453
3.60845
4.29335
3.62473
3.64083
4
3.49375
4
3.86617
3.46463
3.19609
4
3.51842
3.61506
3.73763
3.86222
3.25257
3.72033
3.86167
3.34702
3.54168
4.46186
3.68337
3.26461
3.55968
3.78599
3.44973
3.75655
3.28489
3.75681
3.55333
3.58634
3.8688
3.66396
4.12857
3.82628
3.80905
3.47686
4
3.6328
3.51333
4
3.88126
4
4.10621
4
3.84313
4.30417
4.18098
3.62272
4
3.45999
3.82256
4.31435
3.86865
3.25143
3.72826
3.58133
4.37692
4.25082
3.66823
4
3.65928
4
4.53867
4.15935
4
3.61049
3.82994
3.40555
4
4
3.6062
4
3.76702
4
4
3.85869
3.32583
3.89211
3.83408
3.61077
4.33325
3.65638
3.67925
4
2.74271
3
4.17164
3.50454
3.80398
3.2732
3.6046
4.28396
3.71358
3
3.5585
4
4.36872
4.38164
4
4
4
3.7637
3.88922
3.83097
4
4
3.53322
3.62731
3.75564
4.10152
3.86251
3.5923
3.74917
3.68309
3.72466
3.77712
4.34514
3.33141
3.57447
3.45938
3.67244
4
3.40911
3.20264
3.72305
3
3.44334
3.74037
4
3.84861
3.55672
3.6021
4
3.67953
3.46231
3.84891
3.69939
3.72771
4
3.77563
4.24406
3.51434
3.51942
3.85167
3.88808
4
3.77825
4.16674
4
3.27469
3.74641
3.78898
3.39411
4
3.88809
3.28117
3.64078
3.6625
3.67014
3.71092
3
3.60671
3.64487
3.75783
4.18295
3.64684
3.52454
3.74495
3.77363
4
3.55247
4
3.31227
4.39714
3.82223
4.3684
4
4
3.44251
3.47777
4.13412
3.65013
3.65282
3.57315
4.29065
3.53419
3.41173
3.72104
3.52629
3.30547
4.23353
3.76729
3.57113
3.83023
3.80216
3.28231
3.38666
4
3.48235
3.82204
3.73528
4.10805
3.55832
3.784
3.89925
3.48424
3.68237
3.79402
3.76121
3.43307
3.37868
3.63395
3.8102
4
3.8669
3.87973
3.30963
3
3.41361
3.32413
4
3.65848
3.6713
3.20219
3.51582
4
3.52369
3.83873
3.77996
4
3.70558
3.36418
3
4
3.17915
3.38186
4.21103
3.3072
3.35303
3.66803
3.48451
3.53017
3.76316
4.26306
4
3.82353
4
3.41215
2.75342
3.30684
3.5378
3.66984
3.37667
2.60962
3.60782
3.48003
4.10708
3
4.2455
4
3.78894
4
3.66596
4.15465
4
3.4306
3.86609
3.39511
4.23763
4.46937
3.71893
4
3.76739
3.66122
4
3.8616
4
3.46652
3.7969
4
4.24981
3.59472
3.31539
3.46159
4
3.74134
4
3.88905
3.36264
3.31136
3
3.77039
3.40577
4.31051
3.75497
3
3.28798
3.43178
3.786
3.60765
3.38922
3.43252
3.11132
3.82625
3.89182
3.895
3.4355
3.63863
3.73229
3.66051
3.7394
4
3.75206
4
3.51412
4.5063
4
4
3.41315
3.43676
3.74276
4
3.35152
3.69322
3.19673
4
3.44141
4
3.6185
3.83954
4
3.83188
4
4.1426
3.28268
3.69136
3.83596
4
4
3.39673
3.32491
4
3.82699
3.19826
4
3.65223
3.87824
4.16343
3.5696
3.66379
4.55578
3.82559
3.82134
3.82272
3.67399
3.54504
3.6505
4
4
4
3.48303
4
3.37291
4
3.89938
4
4
3.88478
3.86228
4
3.87812
3
4
3.48166
3.77009
3.70397
3.80213
3.49769
3.89721
4.28573
3.84817
4.40164
4.12879
4
4
3.78705
3.34878
3.618
3.65259
3.7844
3.85246
3.79892
3.51641
3.56862
3.48734
3.71459
3.6666
4.27742
4
4.2728
3.57085
3.45833
3.87232
3.81613
3.72996
3.33878
3.84989
4
4.11481
3.76388
3.20979
3.64832
4
3.44497
3.63529
3.42646
4
4.65457
2.83378
3.60873
3.73279
3.4364
3.35112
3.52968
4
3.60216
4
4
3.8797
3.76458
3.68906
3.7274
3.77507
3.60345
3.48857
4
3.42239
4
3.76197
3.47011
12730:
2.70643
3
2.69883
2.69524
2.20255
2.21612
2.12276
2.74907
2.84099
14632:
3.51303
3.42719
3.31814
3.53534
3.40018
4
10510:
3.19762
3.16123
3.24764
2.70919
16650:
2.85047
14497:
3.35873
2.65161
7180:
3.53455
3.26743
2.79079
3.37665
3.30794
2.63076
2.87733
2.87284
3.45344
3.35015
3.27476
3.27077
2.69193
2.81698
2.71691
3.38044
2.86961
3.40095
3.18575
15113:
3.11891
