14370:
2.68169
4584:
1.80943
8619:
2.84366
2.89734
3.36682
2.11953
2.80816
2.72966
2.92757
2.40825
2.85465
6085:
3.95636
3.87882
4.14746
4.06142
3.69981
3.76589
3.26685
2.90737
3.7117
15389:
3.42864
3.7068
5561:
4.14039
3.51108
4.64763
4.05226
3.61468
3.75004
4.12415
4.18355
4.26587
3.40397
4.2449
4.1044
4.26275
4.09991
3.85122
4.21803
3.75731
4.04984
3.51306
4.19149
4.00359
3.64789
4.13707
4.20026
3.71416
3.9911
3.84746
3.7923
3.98449
3.92955
2.7258
4.1105
13352:
2.32049
12003:
3.61227
3.4398
3.68356
3.51779
3.34855
3.4206
3.34281
3.80686
3.38499
3.54814
3.26231
3.203
3.47899
3.65238
3.59648
3.7799
2.95812
3.47248
3.5131
3.6726
2.6687
4.50028
3.66502
3.68762
3.63994
3.13557
4.08401
4.10253
3.9357
4.38971
3.54989
3.60167
3.4628
3.78782
4.35311
3.62967
3.21643
3.38537
3.50983
4.13391
4.30042
4.13441
3.77751
3.4111
3.56737
3.31067
3.43044
3.78078
3.91611
1.92706
15881:
2.08215
6123:
3.00695
2.82412
3.30965
2.53587
2.03719
1348:
2.9206
5732:
4.0705
4.23964
3.86161
4.65773
3.97522
3.4763
4.21831
3.80826
4.145
4.21093
3.81813
3.97407
4.28396
3.52362
3.96813
2.59218
4.70536
3.89809
4.21398
4.28116
3.94787
4.13662
3.31933
4.15262
3.87962
4.25833
3.54364
4.67255
3.89562
3.99601
3.66366
4.51575
3.94914
3.73954
3.62334
3.63385
4.47975
4.35287
3.7841
3.87776
4.48774
4.2297
3.46842
4.18073
3.72558
4.17476
4.23646
7705:
3.57063
2.10494
2.60173
2.71405
11890:
3.69595
10276:
4.19275
424:
4.52992
3.3926
3.21256
3.35995
3.27534
3.3086
3.4651
3.08589
3.31784
3.79687
3.83964
3.88136
3.41324
3.49185
4.13597
3.98605
3.24731
3.58609
3.36365
3.82401
3.22192
3.52306
8539:
2.97162
2.82491
3.56067
4.11354
4.13795
3.83257
3.86634
8376:
3.84018
3.46945
3.79003
3.49152
4.12345
10271:
3.35799
3.2671
3.21721
3.56651
3.20216
2.76031
2.28055
226:
2.37712
8576:
2.45672
1897:
2.99184
12962:
3.26235
3835:
2.94612
2.01152
2.75724
3.67862
3.15995
3.43761
2.93325
2.68366
3.5088
2.38339
2.13133
1.96529
13102:
3.71463
2.65841
3.46071
2.82736
3.52026
2.62505
3.07648
3.55576
10851:
3.85405
2.78834
3.84465
4.07814
3.30288
7055:
3.04049
3.58487
3.26783
3.15931
3.63408
2.74169
3.20331
3.61663
3.21424
3.42162
3.42053
2.74752
3.80884
3.88347
4.14957
3.49626
3.42429
3.84558
3.29763
3.5212
3.33698
3.30968
3.61239
3.34628
3.70246
3.65599
3.5722
3.2538
4.12367
3.37412
2.96687
3.22279
3.31176
3.936
3.15388
2.36814
2.99581
3.89325
3.54295
3.89028
3.1877
4.14504
3.28407
3.56532
4.1237
3.59649
3.75563
2.99721
2.75638
3.564
3.55877
4.17284
3.18123
3.64297
3.06665
3.08194
3.67686
3.70353
3.31679
3.53198
3.5948
2.8591
3.82705
4.04524
3.69975
3.27667
3.27298
3.28263
2.97994
3.21958
3.87933
2.8838
3.29353
3.36256
3.21164
3.52414
3.37285
3.84052
3.60418
2.88156
3.1669
3.30188
3.49721
3.34397
3.49662
3.08395
2.62532
4.1747
3.72211
3.36365
3.58857
3.73084
3.88165
3.13802
3.51098
3.35842
3.82678
4.25399
3.50497
4.10628
3.77473
4.12748
3.26518
3.54212
4.16387
4.36705
3.54819
4.09411
3.22904
3.84748
2.4501
3.13246
8936:
2.21325
3.27409
2.23686
1.8061
13953:
3.05659
3.37734
3.74865
2037:
2.79777
3.86058
3.28011
2.9215
2.5553
2.55849
2.74415
3.94011
2.43095
3.30583
2554:
3.49363
4.18261
3.05438
3.80276
4.46395
3.4747
3.50312
3.3348
3.36504
3.5927
3.29327
3.54693
3.4805
4.02045
3.25282
3.53571
4.01132
3.94852
3.60299
3.05915
17603:
2.32668
2.51016
3.45753
3.91951
1.5194
1.89925
1.46735
2.72473
1.67265
1.80217
10680:
2.67194
2.18391
2.18904
2.31458
2.34256
1.47938
2.0448
2.45734
1.98963
2.58146
2.86429
2.47089
2.69518
3.31302
2.39347
1.67729
3.13642
2.05869
2.73822
3.16214
1.79552
2.0477
2.53388
3.03424
2.70934
3.0972
3.7427
2.60797
2.66593
8179:
1.11901
7693:
2.02416
2.82434
3.07466
2.4985
17243:
2.22963
2.657
2.1682
2.84191
2.56106
3.43605
5936:
3.20016
6972:
3.92685
2.95187
4.35383
2.7631
4.22317
3.53601
2.98846
3.56639
2.80983
3.65657
2.80672
2.48404
3.19528
3.42804
3.66671
3.30082
2.98836
3.60263
3.45184
2.93002
3.96824
3.53034
3.495
3.18539
3.28627
3.44634
3.67
3.59839
3.23568
3.34124
2.84104
3.49589
4.02062
3.8961
3.53939
2.64893
3.45768
2.99513
3.1664
3.18882
3.32659
3.22726
4.0156
3.11625
3.1616
2.9318
3.65984
2.91577
3.48353
3.69058
3.41572
2.86627
3.22264
3.62563
3.76511
3.30338
3.96535
3.96173
3.2026
2.73236
3.25755
2.88807
3.94264
2.97809
3.62058
3.25594
3.10485
3.27858
3.22684
2.35038
4.59099
3.08747
3.17382
3.2166
3.45368
2.75125
3.40876
3.97483
3.66946
3.27962
4.37614
3.63815
3.4928
3.80328
3.44847
3.0252
3.42022
3.60912
3.77913
2.88194
3.57868
3.07864
2.71971
4.31209
3.67495
2.91441
2.70395
3.78944
3.05996
3.70557
2.82477
2.99161
3.04358
3.24838
2.98211
3.44525
2.05598
4.02017
3.13753
3.29051
3.32964
3.3221
3.01314
3.07633
2.86995
3.49613
2.71679
3.44595
3.5997
4.45769
3.85108
2.87188
3.62935
2.77372
3.70097
3.30192
3.68358
16821:
3.89577
12497:
2.86951
3.26495
3.7443
2.7562
3.31448
3.88251
2.44814
4.14949
3.78324
3.15524
3.17533
3.23495
3.18945
2.64375
2.79831
2.77391
3.35477
3.45965
3.19722
2.90079
3.86594
3.16414
2.97499
3.42555
3.04303
3.44604
2.80232
3.54446
3.38216
3.11984
2.62516
3.27434
3.2279
3.33084
3.45408
3.35443
3.38707
3.06501
3.47453
3.65135
3.27115
2.93384
3.04607
3.17741
2.88779
2.58861
3.4133
3.17438
2.96848
3.31461
3.64524
3.09094
2.8279
3.00967
2.59119
3.06644
2.89818
2.79744
2.84184
3.63482
2.79097
4.0013
3.08617
3.37904
3.20601
2.0154
3.36683
3.01777
3.51889
2.15791
3.45618
3.22084
3.83569
2.88276
3.01534
3.06715
2.79741
2.97603
3.00136
2.69031
2.82616
3.63307
3.27745
3.16352
2.82129
2.75524
4.26497
3.21687
3.11156
3.43364
3.46896
2.9186
3.77857
3.18169
3.06159
4.37336
2.60648
3.31888
3.25725
2.95417
2.61503
3.07028
3.68348
3.53281
3.11355
3.45031
3.9798
2.48365
2.58051
3.15015
3.34164
2.93156
3.12141
2.74384
3.54053
4.03626
3.89233
3.64807
2.75444
3.12153
3.70216
3.39256
3.39124
2.59723
2.65628
2.11982
3.15719
3.24491
3.16467
3.47387
1.26942
3.26428
3.56675
3.48618
3.20798
3.22022
3.54948
3.61749
3.41207
2.80114
3.901
3.1779
2.48334
3.34653
3.40927
2.47248
3.58766
3.18714
3.25967
2.93002
3.20109
3.09551
3.32182
3.63674
2.82645
2.76889
3.21662
2.59934
3.49882
3.24475
3.04415
2.75156
12274:
3.48238
3.39789
2.77968
662:
3.1646
3.96569
3.59443
3.41314
3.01894
4.00289
3.39867
3.5973
3.27545
3.90323
3.27904
3.4246
3.44204
4.16962
3.60528
4.4399
3.32835
3.72238
3.61846
3.90489
3.57354
3.99015
3.83678
4.14719
3.96247
4.17842
3.98255
3.21887
4.54851
4.28295
4.3025
4.19988
3.76787
3.41609
3.02997
3.63549
3.33226
3.14728
3.46824
3.31315
3.32859
3.43278
2.49389
4.06226
3.98319
4.02908
3.5003
3.92286
3.83653
3.93372
11707:
3.30855
3.13615
1.69594
2.8526
2.37874
4474:
2.45606
2.06915
2.98035
2.97938
2.52905
2.88414
2.80723
2.75036
3.52362
3.03694
2.82596
3.12792
2.2503
2.99223
2.90387
3.58565
2.2835
10608:
3.49466
3.91232
4.14781
3.83161
3.83879
3.66517
4.35839
3.41347
3.23181
3.78618
3.40589
3.90986
4.28773
3.22165
3.85973
3.65784
4847:
4.03139
3.95841
3.67686
3.96749
3.53921
3.44782
4.11179
3.27928
3.37635
4.15709
4.01051
3.8082
4.597
4.60365
4.41989
3.22194
4.23038
4.24778
3.93969
3.74026
4.16482
3.81831
4.12443
3.63311
3.35798
4.58609
3.99728
3.68559
3.92489
3.22978
3.84102
3.82131
3.48974
3.86461
4.35295
4.03191
3.86783
4.31074
4.67817
4.38404
4.03806
3.98503
3.70725
4.21485
2.88301
3.22486
3.82794
4.17031
4.05019
4.27867
4.16513
4.00783
3.81162
3.95705
4.62003
4.10839
4.20374
3.82708
3.08112
3.80842
4.34158
4.26411
3.06167
4.02676
3.77835
3.73666
5.02004
3.56054
4.23845
4.00389
3.63663
3.73112
4.65636
3.8865
3.72615
3.86467
4.05568
4.38116
3.60024
3.82609
4.02957
4.30568
3.43459
3.87246
3.70519
3.60352
3.78106
4.20879
3.70051
3.68587
3.78133
4.01375
3.54993
4.08757
4.04253
3.46741
4.66348
4.05641
4.57432
4.56246
3.93835
4.28425
4.33998
3.44603
3.74814
3.69701
3.12772
4.51559
4.31063
4.14134
4.21643
4.39872
4.6778
3.8555
3.96447
3.09343
3.82879
3.83412
4.425
3.90337
4.14604
4.78345
3.84067
3.49991
4.27158
3.23096
3.88026
4.19184
3.47669
3.62339
4.27862
4.49475
4.19909
3.62106
3.74246
4.08489
4.45093
3.73043
3.93408
4.26339
4.52334
3.95709
4.26118
3.87536
3.70517
3.57305
3.42151
4.56197
3.86766
4.4623
4.65052
3.89932
3.8232
4.89644
3.72649
4.26643
3.64889
3.71125
4.13243
4.13088
3.58886
4.02382
3.81284
4.59715
4.00994
3.40492
4.72828
3.72603
4.23713
3.80315
3.70232
4.48235
3.60162
3.90019
3.85953
3.63391
3.68944
4.37246
3.64961
3.68267
4.152
4.38314
3.49924
4.6315
3.3964
3.72731
3.86002
1.97438
4.25076
3.8364
3.37489
3.48703
4.19642
4.12007
4.15812
4.28391
3.73736
4.58032
4.43749
4.3118
4.21971
4.41528
3.72943
3.64642
4.20694
4.32191
3.64951
3.57905
4.0946
3.94017
3.08492
4.39426
3.95051
4.58905
3.96291
4.61892
3.20248
4.09714
3.94544
4.18231
3.37299
4.22508
4.01755
3.99769
4.42628
4.50706
3.74339
4.20187
4.2605
3.99319
3.8112
3.55612
4.32497
3.45403
3.59799
4.1837
3.60097
3.94917
3.54153
4.28557
3.59783
3.67981
4.00408
4.3129
3.68755
3.27773
3.92501
3.9495
4.10199
4.4149
4.11636
3.55724
3.95188
3.59591
4.03875
3.54155
3.71908
4.45403
4.17705
3.64423
3.84638
4.19947
4.35656
3.90712
3.86044
2.63292
3.76118
15674:
3.41757
3.78933
3.68005
3.07421
3.68266
3.11458
3.15567
3.38452
2.87426
3.5383
2.88511
3.19557
3.51163
4.13023
4.03634
3.79933
3.81664
4.10346
2.74387
3.63464
2.91306
3.3608
3.50897
2.49124
3.38974
3.48889
3.5768
3.64639
3.32175
3.84322
2.62207
3.27741
3.57861
3.65671
4.41021
3.54415
3.62069
3.47845
3.85901
3.39282
3.67548
3.46383
3.6504
3.38401
3.41098
2.73652
3.08725
3.64055
4.16085
3.56182
2.25805
4.73872
3.30259
3.18297
3.94787
3.98123
3.94396
3.86719
3.10697
3.45869
2.97803
4.32056
3.80221
3.99977
3.61876
4.3182
3.06555
3.54501
3.82843
3.83562
3.30043
3.89366
3.13766
2.1704
3.87825
3.93996
3.96592
3.87876
3.14707
3.10106
3.19515
3.3148
3.29317
3.70037
3.42183
4.15513
3.08422
3.69264
3.73164
4.0152
3.93645
3.37707
3.28867
3.51716
3.3521
3.28864
4.47486
3.40179
4.11657
3.4527
4.11342
3.40822
2.79012
3.84686
4.62541
3.04874
1.75478
15358:
3.09645
2.29701
3.15696
2.99937
3.59143
2.69949
1.57799
11283:
4.03402
3.8805
6632:
2.49711
2.96985
2.71108
3.39382
1.81337
3.33614
2.99486
2.05639
3.04151
3.25253
3.34386
2.60591
3.58784
3.15739
2.80448
2.40121
3.17823
3.28366
15440:
3.21322
3.28295
3.44799
4.04763
3.39033
3.08322
3.37874
2.8546
3.04417
3.32321
3.89754
3.40037
3.46502
3.35894
3.42131
3.16596
3.12797
3.31214
2.93405
2.89601
3.73948
4.18637
2.39124
4.00819
3.25735
3.68999
3.46627
3.14386
3.69463
3.14218
3.39726
2.77541
3.50423
2.49765
3.69629
2.29841
3.70644
3.06944
3.35594
3.52746
2.67839
3.67386
2.73534
3.32187
3.42757
3.96163
4.26723
3.6314
3.95164
3.33166
4.05589
2.21662
3.28131
8783:
1.57486
4081:
3.01901
3.01901
3.01901
3.01901
1263:
3.02593
7219:
3.99579
4.36631
3.56547
16128:
3.92346
3.89551
3.97827
3.57013
3.85334
4.19812
3.76871
3.66643
3.48026
3.82482
4.00468
4.43801
3.45247
3.69696
3.94818
3.56836
3.25322
3.76411
4.30115
3.56719
3.81885
4.13162
3.93521
3.90569
3.7587
3.6994
4.11051
3.63967
3.79658
3.85404
4.27302
4.05318
3.77645
3.62545
3.64671
4.36416
4.27399
4.28367
4.39058
3.43748
3.80968
3.63968
4.04702
4.44853
4.21541
3.29589
3.87785
4.03325
4.07557
3.4616
4.00715
4.06682
2.5593
4.51618
3.8022
5.04865
3.90336
3.4124
3.96265
3.05203
3.33879
4.57269
3.62701
3.90319
4.70337
3.3489
4.53022
4.27374
4.59877
3.97884
3.86052
3.96538
3.59216
3.93226
3.82511
4.09288
3.71615
3.28453
4.12099
4.12972
4.3762
3.80202
4.33575
3.51179
4.04153
4.01515
4.25747
3.56739
3.71452
2.88218
3.5531
3.20666
3.22202
4.41057
4.04099
3.79012
3.49
3.03452
3.71939
3.99395
3.32532
4.14612
3.30872
4.40615
4.84375
3.89789
4.07833
2.99752
4.27638
3.26573
3.49995
3.85369
4.33432
3.59951
3.88867
2.96795
3.81993
3.60601
3.78705
3.836
2.87829
2.18525
4.57977
4.48359
3.09846
3.2327
4.51098
3.8896
4.00238
3.57208
4.5398
3.69393
4.581
3.02519
3.98942
3.6116
4.9184
4.09871
4.45006
3.31126
3.72477
3.47472
4.24233
3.99444
4.00307
3.99557
2.71843
3.82261
3.64967
3.51144
3.44555
3.8856
4.18128
3.67768
3.62833
4.07852
3.81726
3.73393
3.73097
3.77794
3.57696
1.88417
3.47219
3.38183
3.60227
3.71111
3.91365
3.8821
3.94425
4.49647
4.18378
4.30601
2.81107
3.19413
3.51461
4.39181
3.72202
3.51348
3.94528
3.54115
4.19268
3.82814
3.57535
3.09071
3.95621
3.47817
3.59888
3.79412
3.88155
2.80491
3.84481
3.94617
2.97957
3.48849
4.84087
4.04774
3.01081
3.36444
4.12987
3.40614
3.80931
3.87491
4.26117
3.57283
3.74333
3.78925
3.78012
4.70177
4.08123
3.67186
3.64943
4.09523
3.5034
3.41922
4.43934
4.02285
4.13537
4.64517
4.15333
3.94056
4.39391
4.33101
3.31221
4.08822
3.13415
3.76277
4.93886
4.14243
3.35312
3.7887
3.50728
4.55693
4.52993
3.5926
4.11388
3.83797
4.02758
4.94655
4.6508
4.21893
3.50381
4.30509
3.09277
3.99989
4.65967
3.52862
4.08457
3.9214
4.37283
3.81715
3.8138
3.27335
4.39105
3.93659
3.94516
4.84684
3.45463
3.71837
4.05896
2.36871
2.63929
4.19828
3.59358
4.04328
3.25001
3.72076
4.51065
3.41197
2.72243
3.35095
4.45818
4.57895
4.77705
4.12167
4.62605
4.51124
3.77182
4.04287
3.91624
4.39666
4.57919
3.46639
3.63341
4.38364
4.25923
4.06041
3.78223
3.80686
3.81447
3.65175
3.74049
4.57274
3.05175
3.11576
3.5446
4.04034
4.32155
3.32771
2.99344
3.67188
2.94374
3.88001
3.93155
4.3583
3.84164
3.23965
3.54943
4.67813
3.68939
3.33612
3.7851
3.81448
4.0705
3.88383
4.16006
4.5148
3.22871
3.39845
4.11426
4.10262
4.74574
3.89287
4.09475
4.11962
3.18203
3.5866
3.76988
3.21652
3.96522
3.9236
2.87997
4.09136
4.15057
3.80228
4.59981
2.89369
3.7542
3.51766
4.27547
4.48654
3.90963
3.6141
3.87404
3.69797
4.18763
3.55692
4.13525
3.28394
4.76406
4.23896
4.46779
3.90012
4.09931
3.43957
3.52775
4.20938
3.6373
3.82553
3.54298
4.70425
3.53003
3.15176
3.87407
3.88424
3.10701
4.54501
3.62964
3.47667
4.06568
4.11959
3.26709
3.31624
4.32836
3.64277
3.9444
3.9294
4.31765
3.68884
3.82987
3.93721
3.70183
3.83934
3.88392
4.07491
3.32372
3.60813
4.25214
4.14253
3.99856
3.85268
3.90117
3.11573
2.61291
3.29725
3.22203
4.76159
3.78752
3.74946
2.5172
3.64736
4.01065
3.7047
4.12431
4.03903
4.41313
3.68774
3.31824
2.99203
4.27485
3.76381
3.53405
5.01072
3.16174
3.37699
3.61963
3.5121
3.69585
3.90319
4.47478
4.49279
3.70649
4.35135
3.36136
2.34382
2.92437
3.31425
3.49195
3.32722
2.40087
3.68861
3.47102
4.20039
2.95718
4.4338
4.17395
4.27103
4.61232
3.84158
4.27814
4.29661
3.46468
3.94364
3.38454
4.98107
4.62744
3.8626
4.16744
3.67837
3.67894
4.09417
3.82644
4.24545
3.84523
4.03426
4.40922
4.33446
3.37531
3.13253
3.44235
4.39779
3.9892
3.95254
3.8777
3.54657
3.3179
2.88044
3.91373
3.49591
4.60936
3.72894
2.55889
3.28566
3.23392
3.80624
3.50453
2.93907
3.30971
3.3126
4.21248
3.90619
4.28635
3.31912
3.74133
3.63958
3.60218
3.78588
4.57081
3.98106
4.08606
3.16235
4.68037
4.24809
4.33847
3.3337
3.43603
4.0994
3.92088
3.56264
3.48339
3.31481
4.37002
3.33916
4.29972
3.92743
3.79812
4.13504
4.01509
4.47894
4.54872
2.98944
3.80608
3.86372
4.1782
4.05434
3.35717
3.28995
4.14366
3.77267
3.75204
4.32506
3.59129
3.94276
4.35539
4.02585
3.75279
4.72402
4.13251
3.81848
3.74984
3.56354
3.58346
3.78683
4.27011
4.74109
4.70005
3.31655
3.84458
3.16936
4.02236
4.11396
4.2503
4.32736
3.98756
3.98515
4.02698
3.55998
3.27535
3.97134
3.39752
4.02243
3.61183
3.66361
3.64191
3.97013
4.35068
3.84235
4.66919
4.72098
4.35604
4.18573
3.92524
3.42266
3.93555
3.67797
4.14255
3.72628
3.82486
3.37533
3.26771
3.27875
3.71466
3.61695
4.56739
4.18829
4.6809
3.46795
3.70383
3.82634
3.87093
3.68968
3.48527
4.02208
4.05709
4.3032
3.79417
2.78117
3.5963
4.1891
3.13262
3.53271
3.37844
4.04714
5.32974
2.28217
3.46058
3.45744
3.36191
3.34319
3.48606
4.10736
3.48812
4.29568
4.40823
4.03506
4.00391
3.72812
3.56007
3.94661
3.59456
3.22661
4.47607
3.32524
4.21954
3.8017
3.51446
12730:
2.32874
2.80843
2.60932
2.34597
2.41006
1.98382
1.51621
2.48252
3.00465
14632:
3.45533
3.51309
3.78427
3.27511
3.38206
4.29372
10510:
3.07037
3.33829
3.28381
2.59357
16650:
2.177
14497:
3.47794
2.83203
7180:
3.78013
3.19877
2.17615
2.93188
3.53744
2.40813
2.82234
2.49876
3.39635
3.69947
2.91334
2.79644
2.81362
2.62641
2.44985
3.52354
3.12445
3.33651
2.78222
15113:
2.88432
