14370:
2.83333
4584:
1.5
8619:
4
3.50057
3
3.57276
3
2
2.52899
3.47517
3.30559
6085:
3.63889
3.63889
3.63889
3.63889
3.63889
3.63889
4
3.63889
3.63889
15389:
5
3.53125
5561:
4
3.94692
4.21544
4.19059
3.48131
3.94692
4.67351
4.40251
3.94192
3.67183
4.81739
3.94692
3.94692
3.6909
4
3.94692
3.65414
3.94692
3
4
3.94692
1
5
3
2.49157
4.35043
3.64337
2.74748
2.53595
3.98838
4
5
13352:
2.625
12003:
3.49829
3.47916
3.49829
3.49829
3.49829
4
3.00545
3.49829
3.66253
3
3.49829
3
3.49829
4
3.53827
3.49829
4
3.49829
3.49829
3.49829
1.49334
4.33902
3.49829
3.73997
3.49829
2
4.48254
3.99998
4
4.81029
3.32345
4
3.49829
3.49535
3.49829
3.48581
3.66643
3.49829
3.78856
4.31778
3.76328
4
3.49829
3.57712
3.49829
3.49829
3.67528
3.49829
3.49829
1.50465
15881:
3
6123:
2.65217
2.65217
2.65217
2.65217
2.65217
1348:
2.71429
5732:
4
3.97323
2
5
4.49983
3
4.67451
3.4837
4
3.98174
3.29202
4
4.0245
2.51613
4.2589
3.97323
3.97323
3.0011
5
4
3.97323
3.97323
2.79079
3.57496
4.01942
5
5
5
3.67949
3.96401
4
3.97323
3.97323
4
4
4.34675
5
5
4
3.97323
4.35003
4.49813
2.48135
4.0373
2
3.97323
3
7705:
3
3
3.02574
3
11890:
3.14286
10276:
4.4
424:
3.32571
3.32571
3.32571
3.32571
3.32571
3
3.32571
3.32571
5
3.68467
3.32571
5
4.50504
3.32571
5
3.32571
3.32571
3
3
3.32571
1
4
8539:
2
3
3.76543
3.76543
3.76543
3.76543
3.76543
8376:
3.61739
3.61739
3.61739
3.61739
3.61739
10271:
3.15217
3.15217
3.15217
3.15217
3.15217
3.15217
3.15217
226:
2
8576:
2.6
1897:
3.4
12962:
2.875
3835:
2.64535
2
2.64535
4
2.64535
2.64535
2.64535
2.47743
3.49503
2.64535
2.64535
2.95486
13102:
3.14423
3.14423
3.14423
3.14423
3.14423
3.14423
3.14423
3.14423
10851:
3.55238
3.55238
3.55238
3.55238
3.55238
7055:
3.30395
3.42933
3.59638
3.96802
3
3
2.48428
3.46588
3.00043
4
2.97991
2.51599
4.02209
4.16003
4.32821
3.34789
2
4.00804
4.28625
3.52544
4
3.37926
3.31732
4
4.11699
3.37926
3.37926
2
4.03198
3.37926
3.37926
3.37926
4.48401
4.68255
3
2.01597
3.12717
3.37926
3.98344
3.83843
3.51599
5
4.3219
3.37926
4.28641
4
3
3.40293
3.37926
3.03281
3.77645
3.37926
3.71587
4
2.03198
4
3.75017
3.37926
4
5
3.37926
3.37926
3.46682
5
3.81108
3.99566
3
3
2.50125
4
3.37926
2.51599
3.37926
2.96802
3.64313
3.37926
4.48183
4
4
3.37926
2.51599
5
3.37926
3.51599
3.49171
5
2
4.76829
3.99112
4.04559
3.97497
5
4
3
3.37926
3.37926
3
4.38453
3
3.37926
3.67134
4.4871
3.48401
5
4.47503
3.37926
3.04559
5
3.37926
4
3.04777
3
8936:
2
2
2
2
13953:
3.11111
3.11111
3.11111
2037:
3.49304
2.97917
2.97917
2.97917
2.97917
3
2.97917
2.97917
2.97917
2.97917
2554:
3.31911
3.31911
3.31911
3.31911
3.31911
4
3.31911
4
3
3.31911
3.31911
4.33933
3
3.31911
3.31911
3.47689
3
3.31911
3.31911
3.31911
17603:
2
2
5
2
2
2
2
2
2
1
10680:
2.46183
2.46183
2.46183
2.46183
2.46183
2.46183
2.46183
2.46183
2.46183
2.46183
2.46183
2.46183
2.46183
2.46183
2.46183
2.46183
2.46183
2.46183
2.46183
2.46183
2.46183
2.46183
2.46183
2.46183
2.46183
2.46183
2.46183
2.46183
2.46183
8179:
1
7693:
2.65385
2.65385
2.65385
2.65385
17243:
2.68852
2.68852
2.68852
2.68852
2.68852
2.68852
5936:
3.4
6972:
4.55916
2.91
4.63694
3.32377
4.68182
3.7543
3.32377
4
2.50621
4.29318
3.2094
3.50916
4
3.49677
3.32377
3.61906
3.32377
3.46959
3.9986
3.32377
4.64612
5
3.54279
1
3.68532
3.32377
4
3.33307
2.937
3.25327
2.23052
3.32377
4.32709
3.32377
4
3.32377
4
1.50986
3.32377
3
3.32377
3.65357
3.32377
3
3.32377
3.32377
3.50435
3.02461
3.32377
4.10474
3
2.69931
3.53461
3.00309
3.85053
3.53319
3.32377
3.32377
3.33308
1
4
3.36068
3.32377
3.40762
3.32377
3.38094
3
4.55357
5
3.32377
4.55495
3.03081
3.5005
3.32377
3.32377
3.32377
4
3.32377
3.32377
3.32377
3.32377
4
3.06113
3.32377
3.66944
3
4.01517
3.32377
3.53044
2.83645
3.32377
3.49845
3.32377
3.32377
3.70129
3.32377
3.32377
3.63612
3.00503
4
3.06996
3.32377
3.32377
3.32377
3.17137
3.32377
3.02298
5
3
3.61918
4
3.23734
2
3.32377
2.9553
3.47636
2
3.36869
3.32377
3.32377
3.32377
3.32377
4
3.32377
3.32377
3.34711
4.19465
16821:
4
12497:
3.16027
3.16027
3.16027
3.16027
3.16027
3.16027
3.16027
3.16027
3.16027
3.16027
3.16027
3.16027
3.16027
3.16027
3.16027
3.16027
3.16027
3.16027
3.16027
3.16027
3.16027
3.16027
3.16027
3.16027
3.16027
3.16027
3.16027
3.16027
3.16027
3.16027
3.16027
3.16027
3.16027
3.16027
3.16027
3.16027
3.16027
3.16027
3.16027
3.16027
3.16027
3.16027
3.16027
3.16027
3.16027
3.16027
3.16027
3.16027
3.16027
3.16027
3.16027
3.16027
3.16027
3.16027
3.16027
3.16027
3.16027
3.16027
3.16027
3.16027
3.16027
3.16027
3.16027
3.16027
3.16027
2
3.16027
3.16027
3.16027
3.16027
3.16027
3.16027
3.16027
3.16027
3.16027
3.16027
3.16027
3.16027
3.16027
3.16027
3.16027
3.16027
3.16027
3.16027
3.16027
3.16027
3.16027
3.16027
3.16027
3
3.16027
3.16027
3.16027
3.16027
3.16027
3.16027
3.16027
3.16027
3.16027
3.16027
3.16027
3.16027
3.16027
3.16027
3.16027
3.16027
3.16027
3.16027
3.16027
3.16027
3.16027
3.16027
3.16027
3.16027
3.16027
3.16027
3.16027
3.16027
3.16027
3.16027
3.16027
3.16027
3.16027
3.16027
3.16027
3.16027
3.16027
3.16027
3.16027
3.16027
3.16027
3.16027
3.16027
3.16027
3.16027
3.16027
3.16027
3.16027
3.16027
3.16027
3.16027
3.16027
2
3.16027
3.16027
3.16027
3.16027
3.16027
3.16027
3.16027
3.16027
3.16027
3.16027
3.16027
3.16027
3.16027
3.16027
3.16027
3.16027
3.16027
3.16027
3.16027
12274:
3.1
3.1
3.1
662:
2.48634
4
3.59221
3.29104
4
3.59221
3.59221
3.59221
3.59221
3.59221
4
3.59221
3
3.59221
2.70292
3.59221
3
5
4
3.59221
3.59221
3.59221
3.59221
3.62125
4
3.59221
3.59221
3.59221
3.59221
5
3.59221
4.19505
3.59221
3
3.4748
3.59221
3.59221
3.59221
3.59221
3.51799
3.59221
3.59221
2.68228
3.59221
4.48763
3.59221
4.08525
4
3.59221
3.59221
11707:
2.63333
2.63333
2.63333
2.63333
2.63333
4474:
2.87215
2.87215
2.87215
2.87215
2.87215
2.87215
2.87215
2.87215
2.87215
2.87215
2.87215
2.87215
2.87215
2.87215
2.87215
2.87215
2.87215
10608:
3.62025
3
3.62025
3.62025
3.62025
3.62025
3.62025
3.62025
3
3.62025
3.62025
3.62025
3.62025
3.62025
3.62025
3.62025
4847:
3.91405
3.91405
2.57648
3.91405
3.47709
3.91405
3.91405
4
2
3.91405
3.91405
3.91405
5
3.91405
4
3
3.91405
3.91405
4
3.4826
3.87706
4
5
3
3.91405
3.91405
3.91405
3
3.91405
3.3578
3.91405
3.73189
3
3.51355
3.91405
5
3.91405
3.91405
3
3.91405
4
3.91405
3.91405
3
3.91405
3.91405
3.58464
4.02132
4
3.91405
3.91405
3.91405
3
4
5
3.91405
3.91405
3.91405
3.91405
3.91405
3.91405
5
3.91405
3.91405
3.91405
3.41716
3.91405
3.91405
3.91405
3.91405
3.91405
3.91405
3.91405
4
3.91405
3.91405
3.91405
5
3.91405
3
3.91405
3.91405
3.91405
2
4.05645
3.91405
3.91405
3.91405
3.91405
3.91405
3.64598
3
3.91405
3.91405
3.91405
3.91405
3.91405
3.91405
3.91405
3.91405
3.91405
3.91405
3.91405
3.91405
3
3.91405
3.91405
3.91405
3.91405
5
3.91405
4
3.91405
3.91405
3.91405
3.91405
3.91405
4
3.91405
4
4.5174
3.91405
3
3.91405
3.91405
3.91405
4.42252
4
3
2
3.91405
3.91405
3.91405
4
3.44605
3.91405
3.91405
4
3.91405
4
3.91405
3.70664
3.91405
3
3.53471
3.91405
3.91405
3.91405
3.91405
5
3.91405
3.91405
3.91405
5
3.79766
3.91405
3.91405
3.5174
3.65041
3.91405
3.91405
3.47709
3.48851
4.43472
3.32946
3
3.91405
3.91405
4
3.91405
3.04596
3.91405
3.91405
3.91405
4
3
3.91405
5
3.91405
4
4.28398
4
3.91405
3.91405
3.91405
3.91405
3.91405
1
3.91405
4
3.91405
3.91405
3.91405
3.91405
3.91405
2
4
4.308
3.91405
5
3.91405
4
3.91405
4
3.91405
3.91405
3.91405
3.91405
3.91405
4
3.91405
3.91405
4
3.91405
3
3.91405
3.91405
3.91405
3.91405
4
1.48851
3.91405
3
3
3.91405
5
3
3.91405
3.91405
4
3
3.91405
3.91405
3.91405
3.91405
3.2183
3.91405
3.91405
3
4
4
3.91405
4
3.91405
3.91405
3.91405
3.91405
4.43472
3.91405
3.91405
3.91405
3
3.91405
3.91405
4.45949
3.91405
3
3.91405
4
3.91405
3.91405
4.56528
3.91405
3.91405
4.37042
3.91405
3.91405
15674:
3.24934
4
3.46702
2.4976
3.46702
3.50816
3
3.46702
2
3.69914
3.46702
3.46702
3.46702
3.46702
3
4
3.46702
5
3.46702
4
3
3.39701
4
3.46702
3.52006
5
4
4
3.46702
3.49184
2
4
3.46702
3.46702
5
5
4
2.99764
4
4
4
3
4
3.46702
2
3.46702
3.46702
4
3.46702
3.46702
3.46702
5
3.46702
3.96408
3.46702
5
3.46702
4
3.46702
3.63982
3.46702
3.46702
4
4
4
3.46702
3.11281
3.46702
4
3.46702
3
3.46702
3.46702
3.46702
3.96496
4.06739
3.46702
3
3.46702
2.5282
4
3.46702
2.6923
3.46702
3.5337
3
3.46702
3.46702
3.46702
5
3.46702
3.46702
3.46702
3.46702
3.46702
3.46702
4.5024
3.46702
3.46702
3
3.46702
2
2
4
5
3.46702
3.46702
15358:
2.44444
2.44444
2.44444
2.44444
2.44444
2.44444
2
11283:
4.10714
4.10714
6632:
3
3
3
3
3
3
3
3
3
3
3
3
3
3
3
3
3
3
15440:
3
3.28346
3.28346
5
3.28346
3.28346
4.48609
3.28346
3
4
3.28346
4
3.80083
4
3.28346
3.28346
4
3.28346
3
2.98097
3.28346
4.33248
2.00896
3.28346
3.64342
3.28346
3.49623
3.28346
3.28346
3.28346
3.28346
3.28346
3.28346
3.28346
3.28346
3.28346
4.31103
3.52163
3.28346
3.28346
3
3.4634
2
3
2.47341
3.28346
3.28346
3.28346
3.5355
3.28346
5
3.28346
2
8783:
3.25
4081:
3
3
3
3
1263:
3.14286
7219:
4.02174
4
4.02174
16128:
4.16017
4
3.78593
3.78593
3.78593
3.78593
3.78593
3
3
3.76356
3.78593
3.78593
3.78593
3.78593
4
3.78593
3.78593
3.78593
5
4
4
5
4
3.78593
3.78593
3.78593
4
4
3.78593
5
3.78593
4
3.78593
3.78593
3.80045
5
3.78593
3.78593
4.66908
3.78593
3.78593
4.5025
4
3.78593
4.75641
3
5
3.78593
4
3.78593
3.78593
4.30967
3.78593
4
4
3.78593
3.78593
3.78593
3.78593
2
3.78593
3.78593
3.59618
3.88619
3.78593
3
4
4.45061
3.78593
4
3.4975
3.21879
3.78593
5
3.78593
3.78593
3.78593
3.78593
3.78593
3.78593
3.78593
4.54691
4
3.78593
3.78593
3.78593
3.78593
4
3.78593
3.78593
3.78593
3.78593
3.78593
5
3.78593
4
4.31278
3.78593
4
3.78593
3.78593
4.54691
3.78593
3.78593
4
3.78593
3.78593
3.78593
5
3
3.78593
3.78593
3.78593
3.30967
5
3.78593
4
3.4975
5
4.01558
3.78593
3.78593
4
3.78593
2.62245
3.78593
3.78593
4
4.58678
3.78593
3.78593
4
3.78593
3.78593
3.78593
3.78593
5
5
5
2.60674
3.78593
3
3.78593
4
3.76537
3.49617
3.78593
4
3.78593
3.74025
3.78593
4
3.78593
3.78593
3.5265
3
3.50103
3.78593
3.78593
3.78593
3.78593
3.78593
4
3
3.78593
3.78593
3.78593
4
3.78593
3.78593
4.31075
3.78593
3.78593
3.78593
3.78593
4.45309
3.78593
3.62747
3.78593
3.78593
3.78593
3.78593
4
3.78593
4.32392
3.78593
3.78593
3.78593
3.78593
2.83876
3
3.85349
3.78593
3
4.49221
3.78593
3
3.78593
4
3.78593
3.78593
3.78593
3.78593
3.25587
3
4
3.78593
3.78593
3.78593
3.80661
3
4
3.78593
3.78593
3.78593
3.78593
3.78593
5
3.78593
4
4
3.78593
3.78593
3.78593
3.78593
4
3.78593
3.78593
3.78593
3.54939
3.38872
4.33286
3.78593
3
3.78593
5
3
3.78593
3.78593
4.31577
3.55264
3.78593
3.4975
4.03374
3.78593
3.78593
4.30967
3.78593
5
4.23644
3.78593
3.78593
3.78593
3.66763
3.78593
5
3.78593
3.78593
4
3.78593
2
5
3.78593
3.78593
3.78593
3.25746
3.78593
3.5127
3.78593
3.78593
3.78593
3
3.78593
3.78593
3.78593
3.78593
3.78593
3.78593
4.03893
3.78593
3.78593
3.78593
3.78593
3.78593
3.78593
3.78593
3.78593
3.78593
3.78593
3.52545
5
5
3.78593
3.78593
3.78593
3.78593
4
3.78593
3.78593
3.81714
3.78593
3.78593
3.78593
3.78593
3.78593
3
3.78593
3.78593
4
3.78593
3
3.78593
4
3.59336
3.78593
3.83675
4
3.78593
3.50396
4
3.78593
3.78593
3.78593
4.4975
3.78593
3.78593
5
3.78593
5
3.09878
3.78593
3.78593
3.78593
3.78593
3.78593
3.78593
3.78593
3.42888
3.78593
3.78593
3.78593
3.78593
3.50601
3.78593
3.78593
3.78593
4.54691
3
3.78593
3.78593
5
3.78593
4.2317
3.78593
3.78593
3.78593
4
3.78593
4
5
3.78593
2.54691
3.78593
3.995
3.78593
3.78593
3.78593
3.78593
3.78593
4
3.78593
3.78593
3.78593
3.78593
3.78593
3.78593
4.69313
3
3.67762
3.78593
3.78593
4
3.78593
3.78593
3.78593
3.78593
3.78593
3.78593
3
5
3.75567
3.78593
3.78593
5
3.05467
5
3.78593
3.78593
3.78593
3.78593
4.48863
3.78593
3.78593
4.3119
5
3.78593
3.78593
3.78593
3.78593
3.78593
3.78593
3.78593
3.78593
3.78593
3.62245
3.78593
4
3.78593
4.19548
5
3.78593
3.78593
3.78593
3.78593
3.78593
3
3.52874
3.78593
4
5
3.78593
3.4975
3.78593
3.78593
3.78593
3.78593
3.78593
4.5025
4.19878
3.78593
3.78593
4
3.82031
3.78593
4
3.78593
4
3.78593
3.41139
4.47764
3
3.78593
3.78593
3.78593
3.78593
4
3.78593
3.78593
3.78593
4
4
4.57501
4
3.78593
3
2.7621
3.78593
3.78593
4
3.78593
3.78593
3.78593
3.78593
3.78593
3.78593
3
3.78593
3.78593
3.78593
3.78593
3.78593
3
4
3.78593
3.78593
3.78593
4.45309
3.78593
4.45061
3.78593
4.63089
3.78593
3.78593
3
3.78593
4.37755
3
3.78593
3.78593
3.78593
4.50578
3.78593
3.78593
3.78593
3.78593
5
4
3.78593
5
3.78593
3.78593
3
3.78593
5
4
3
3.78593
3.78593
3.78593
4.43382
3
4
4.62245
3.78593
3.78593
4.66869
3.78593
4
3.78593
3.78593
3.78593
3
3.78593
3.78593
3.78593
3.78593
4.23668
3.78593
5
3.78593
4
3.78593
3
3.78593
3
3.19868
3.78593
3.66925
3.78593
4
3.78593
5
3.78593
3.78593
4.50146
4.30967
3.78593
3.78593
5
4
3.78593
3.78593
3.78593
3.78593
4
3.71144
3.78593
3.78593
3.78593
3.32257
4
3.4975
4.33442
4
3.78593
4
3.78593
4.45309
3.78593
3.78593
3.78593
3.78593
3.78593
3.78593
4
3.4975
3.78593
3.78593
3
4
2.99689
3.78593
5
3.78593
3.78593
4
3.78593
4
3.78593
5
3.78593
5
5
5
3.78593
5
4
4
3.78593
4
5
3.78593
5
3.78593
3
12730:
2.33333
4.53031
2.33333
2.33333
2.33333
2.33333
3
2.33333
4.46532
14632:
3.44595
3.44595
3.44595
3.44595
3
3.44595
10510:
3.16279
3.16279
3.16279
3.16279
16650:
2.5
14497:
4
3.3125
7180:
3.19463
3.19463
3.19463
3.19463
3.19463
3.19463
3.19463
3.19463
3.19463
3.19463
3.19463
3.19463
3.19463
3.19463
3.19463
3.19463
3.19463
3.19463
3.19463
15113:
3
