14370:
3.05306
4584:
1.73
8619:
2.98393
2.94084
2.82994
2.91655
2.8199
2.77765
3.03308
2.99791
3.13631
6085:
3.7176
3.7385
3.74383
3.81265
3.80526
3.74997
3.79142
3.5427
3.77334
15389:
3.80203
3.79567
5561:
4.06163
3.89024
4.03819
4.09706
3.993
4.02399
4.07214
4.03393
4.15347
4.02415
4.1274
3.90767
4.04379
3.97814
4.01747
3.91345
3.9257
4.11926
3.99698
3.96199
4.07333
3.84458
3.99793
4.04944
4.01445
3.98638
4.00008
3.98113
4.08953
4.04598
3.9582
4.07115
13352:
2.22074
12003:
3.51391
3.45023
3.42513
3.48832
3.56472
3.48837
3.36659
3.53421
3.49618
3.48319
3.50634
3.45968
3.40823
3.45674
3.50044
3.49194
3.5125
3.38122
3.63769
3.48252
3.40403
3.61713
3.51902
3.53332
3.29901
3.3188
3.5292
3.53072
3.50317
3.58081
3.43596
3.36232
3.48753
3.52635
3.58103
3.60902
3.50884
3.36719
3.53313
3.56326
3.56686
3.55164
3.34893
3.49695
3.54593
3.49027
3.47402
3.48276
3.54197
3.3141
15881:
3.65274
6123:
2.63438
2.61315
2.6522
2.61337
2.63596
1348:
2.7112
5732:
3.99681
4.10115
3.80838
4.00265
4.08611
3.88725
4.09412
3.82293
4.02303
3.9765
3.94919
4.08954
4.19096
3.84813
4.05881
4.05462
3.95896
3.88344
3.87291
3.88415
3.847
3.87618
3.83544
3.97674
4.07809
4.07151
4.13781
4.01419
3.9476
4.03775
3.88608
3.99488
3.88831
3.95482
3.85809
4.04785
4.11484
4.15277
4.00789
3.84124
4.04101
4.00538
3.82029
3.90372
3.77792
3.90427
4.03188
7705:
2.95332
2.8346
2.99322
2.88085
11890:
3.49879
10276:
4.5265
424:
3.27244
3.48196
3.43495
3.45939
3.17171
3.67424
3.49539
3.40278
3.49116
3.6225
3.33819
3.57307
3.48675
3.30495
3.50003
3.40355
3.32167
3.51568
3.60222
3.3472
3.38585
3.57511
8539:
3.704
3.79438
3.77067
3.83646
3.66068
3.80304
3.78671
8376:
3.66054
3.69083
3.60669
3.64815
3.58005
10271:
3.35508
3.00721
3.14352
2.95673
3.23425
3.27791
3.11995
226:
1.87135
8576:
3.1009
1897:
3.48545
12962:
2.82426
3835:
2.65758
2.25163
2.74397
2.6469
2.68366
2.6165
2.51926
2.27277
2.72967
2.5795
2.45405
2.43821
13102:
3.01634
2.95381
3.10895
2.99745
3.30069
2.84386
3.04197
2.94673
10851:
3.79465
3.52635
3.57278
3.59093
3.65834
7055:
3.35435
3.43453
3.25094
3.23951
3.3539
3.32357
3.40891
3.32037
3.37736
3.44048
3.47651
3.3812
3.40807
3.43355
3.48036
3.29236
3.30072
3.4873
3.46647
3.3934
3.5089
3.41217
3.29693
3.52601
3.42929
3.34355
3.46549
3.45415
3.44204
3.44175
3.44654
3.21845
3.47675
3.46265
3.26175
3.33172
3.43027
3.33285
3.41256
3.36994
3.484
3.49803
3.49665
3.41183
3.48082
3.26443
3.45533
3.45316
3.33767
3.45978
3.52256
3.22261
3.39974
3.50307
3.4078
3.43609
3.39885
3.51453
3.43117
3.37394
3.4564
3.39058
3.25916
3.53417
3.42453
3.45902
3.45116
3.44367
3.45281
3.42614
3.35837
3.3385
3.26203
3.44339
3.47698
3.44979
3.49044
3.49735
3.44716
3.44281
3.22209
3.47767
3.42098
3.33192
3.4467
3.26088
3.30364
3.48334
3.394
3.50417
3.49823
3.41712
3.17084
3.24306
3.28184
3.476
3.45786
3.38946
3.29546
3.55719
3.33254
3.49417
3.34775
3.43456
3.48524
3.45924
3.43392
3.42899
3.3882
3.40492
3.50551
3.24293
8936:
2.26927
2.08871
1.99616
2.18067
13953:
3.44951
2.5863
3.02005
2037:
2.98714
2.95117
2.95943
3.099
2.94961
2.88113
2.96062
3.0277
2.96765
2.87935
2554:
3.49271
3.10622
3.32118
3.38754
3.35202
3.33249
3.34976
3.353
3.26229
3.35624
3.36951
3.42023
3.46063
3.3996
3.25782
3.46314
3.25463
3.31162
3.38271
3.3597
17603:
1.80014
1.97127
2.01185
1.93274
1.82894
1.93701
1.77792
1.77212
1.96459
1.89173
10680:
2.54945
2.5079
2.56451
2.74622
2.71585
2.26067
2.46238
2.47563
2.3849
2.54957
2.9411
2.53891
2.73367
2.51114
2.6557
2.19641
2.62143
2.51722
2.93222
2.54003
2.43961
2.57447
2.68995
2.64912
2.51576
2.54442
2.59883
2.52432
2.59194
8179:
3
7693:
2.96823
2.73867
2.70288
2.7483
17243:
2.47751
2.54142
2.46188
2.73766
2.56157
2.50149
5936:
3.26379
6972:
3.76322
3.36248
3.40238
3.38372
3.51003
3.55477
3.23856
3.20905
2.72544
3.75978
3.34721
3.16215
3.27159
3.5466
3.37123
3.25777
3.06294
3.64585
3.45786
3.18465
3.59388
3.27014
3.3223
3.11299
3.00386
2.88839
3.13748
3.37057
2.679
3.18694
2.77876
3.41742
3.61642
3.11187
3.52403
3.02154
3.69021
3.48377
2.91859
2.96193
3.15128
3.60357
3.59864
2.88051
3.25812
3.24339
3.39665
3.45364
3.53606
3.5856
3.70243
2.94785
3.53402
3.48306
3.68203
3.3077
3.61961
3.66652
2.54277
2.64843
3.53517
3.20542
3.55394
3.13335
3.59432
3.01706
3.12557
3.40296
3.42315
3.11299
3.70355
3.38739
3.39969
2.80273
3.14629
2.74272
3.44879
3.28036
3.36891
3.53502
3.52064
3.38966
3.09623
3.48941
3.60806
3.14152
3.48661
3.68217
2.97472
3.16154
3.53204
3.18181
3.05648
3.113
3.67084
2.94405
3.36032
3.279
3.38132
3.00733
3.20574
2.80787
3.50623
3.4705
2.83775
3.04183
3.03513
3.62756
3.50876
3.23441
3.32481
2.87507
3.30051
3.22032
2.97383
3.47722
3.45527
3.53688
3.0928
3.42216
3.45429
3.18325
3.12661
3.01899
3.50748
3.50601
3.71363
16821:
3.75249
12497:
3.15046
3.1947
3.1664
3.1445
3.19724
3.15288
3.20267
3.17804
3.2137
3.18111
3.04322
3.23102
3.25505
3.07232
3.17808
3.08934
3.16713
3.21171
3.24675
3.11377
3.21456
3.18509
3.11518
3.23298
3.18662
3.23904
3.09093
3.32022
3.27092
3.1557
3.16903
3.20031
3.17344
3.19202
3.12903
3.13749
3.33765
3.20922
3.08964
3.17956
3.2502
3.20115
3.14711
3.0915
3.22937
3.10198
3.07747
3.17706
3.22026
3.18696
3.07401
3.17699
3.1531
3.20794
3.19779
3.17534
3.18655
3.23544
3.16784
3.26852
3.21072
3.11628
3.15745
3.15896
3.17454
3.19475
3.10797
3.19705
3.20374
3.04491
3.17257
3.21776
3.18647
3.19785
3.19018
3.23843
3.18042
3.19004
3.20186
3.1217
3.21285
3.14146
3.31303
3.13608
3.20401
3.21568
3.19021
3.12493
3.16572
3.23976
3.20979
3.14688
3.17484
3.12908
3.17479
3.17297
3.19527
3.22131
3.204
3.14666
3.09662
3.14601
3.16684
3.17436
3.17138
3.2404
3.13236
3.22606
3.18614
3.17838
3.09817
3.32876
3.13948
3.14965
3.15135
3.20354
3.23185
3.20943
3.07315
3.19463
3.21635
3.13773
3.19062
3.12247
3.06443
3.25476
3.21312
3.15214
3.18788
3.14923
3.06729
3.16451
3.16312
3.19953
3.22773
3.17719
3.19622
3.16224
3.22624
3.18454
3.1863
3.20684
3.19754
3.20852
3.0998
3.17188
3.23638
3.24905
3.22706
3.14266
3.157
3.17511
3.22401
3.2226
3.25669
3.15665
3.21219
3.25524
3.16493
3.14861
3.1962
3.145
12274:
2.99934
2.95627
2.79677
662:
3.65211
3.56725
3.68432
3.65907
3.57967
3.56921
3.57591
3.83569
3.64642
3.63532
3.59271
3.64297
3.6219
3.64392
3.60458
3.56571
3.61262
3.63526
3.67113
3.5735
3.64551
3.39301
3.60235
3.59
3.59621
3.4526
3.59061
3.5394
3.78137
3.68257
3.62588
3.60555
3.55498
3.59289
3.58169
3.6853
3.63034
3.61124
3.69307
3.61591
3.56824
3.63551
3.63387
3.61459
3.59889
3.62587
3.66324
3.58796
3.58405
3.62473
11707:
2.46192
2.4599
2.34221
3.13295
2.40748
4474:
2.93908
2.96054
2.92132
3.01691
2.97879
2.96982
2.8736
2.98054
2.94829
2.98898
3.0247
2.95834
2.91607
2.93301
3.01084
2.92312
2.95133
10608:
3.714
3.62844
3.43778
3.66039
3.76771
3.68791
3.70467
3.77861
3.72575
3.65314
3.50897
3.72518
3.89442
3.63351
3.53919
3.54615
4847:
3.92052
3.91282
3.93386
3.89719
3.91904
3.93124
3.8808
3.93274
3.923
3.89773
3.92594
3.87368
3.93649
3.93864
3.92077
3.93133
3.88133
3.9322
3.98158
3.93272
3.90055
3.91656
3.94332
3.95669
3.90367
3.96518
3.90502
3.92004
3.92366
3.9719
3.87154
3.96662
3.86304
3.93793
4.01914
3.96436
3.97236
3.94929
3.88053
3.877
3.91274
3.93534
3.94973
3.93257
3.89183
3.89409
3.93407
3.94723
3.88757
4.02068
3.97337
3.92396
3.89492
3.91069
3.96208
3.92233
3.86072
3.93291
3.9279
3.92054
3.90331
3.92051
3.95592
3.93334
3.99564
3.8885
3.92733
3.93059
3.9241
3.9077
3.91374
3.871
3.92062
3.92048
3.96771
3.88902
3.90384
3.92618
3.95448
3.92617
3.88151
3.90223
3.9311
3.90424
3.94685
3.91689
3.96289
3.93576
3.94342
3.8508
3.9324
3.94095
3.9573
3.86733
3.97217
3.91227
3.97238
3.91487
3.88776
3.9325
3.93026
3.88277
3.9316
3.88997
3.90941
3.89932
3.84696
3.9397
3.91703
3.90971
3.94417
3.91592
3.88116
3.89375
3.89856
3.92224
3.90265
3.93718
3.89382
3.95865
3.97942
3.9449
3.94601
3.91949
3.88856
3.89295
3.93004
3.93551
3.91472
3.9258
3.96373
3.91803
3.90014
3.94938
3.95492
3.84125
3.91574
3.9326
3.97504
3.95205
3.93654
3.96768
3.92523
3.94947
3.93205
3.94859
3.877
3.95322
3.8974
3.96003
3.83298
3.93822
3.91247
3.89419
3.90569
3.90755
3.9205
3.95941
3.90921
3.94798
3.93974
3.94097
3.9322
3.90893
3.9298
3.90931
3.92692
3.90867
3.92569
3.86534
3.89584
3.94578
3.90804
3.9503
3.94112
3.97745
3.93177
3.91893
3.94163
3.94626
4.03184
3.92878
3.92685
3.93567
3.85104
3.93368
3.93485
3.85393
3.92807
3.88011
3.91684
3.90624
3.91028
3.94918
3.91282
3.8886
3.91347
3.89586
3.88566
3.90876
3.94143
3.88671
3.93538
3.87586
3.93057
3.93842
3.98998
3.89423
3.97467
3.949
3.97996
3.89426
3.90926
3.93063
3.90352
3.95055
3.91617
3.92875
3.937
3.9813
3.88077
3.96427
3.8917
3.89767
3.93531
3.90924
3.92518
3.93852
3.88796
3.95648
3.89306
3.92499
3.92758
3.88706
3.90306
3.87139
3.9354
3.90067
3.92797
3.93682
3.95562
3.90893
3.88814
3.93379
3.92773
3.95941
3.90628
3.97141
3.95457
3.91871
3.9393
3.86792
3.94613
3.94262
3.93347
3.96209
3.9132
3.92199
3.90434
3.96212
3.92499
3.93711
3.95775
3.92225
3.97087
3.90689
3.88504
15674:
3.35302
3.41456
3.45641
3.45989
3.43567
3.44003
3.4244
3.49752
3.45632
3.48431
3.4634
3.37404
3.50633
3.42033
3.53811
3.52709
3.53354
3.3965
3.44965
3.43516
3.45522
3.45056
3.47641
3.47594
3.50869
3.43254
3.4446
3.48839
3.44209
3.52293
3.38147
3.52466
3.48856
3.45704
3.57094
3.42309
3.57614
3.39836
3.60194
3.49498
3.43146
3.47162
3.61679
3.17829
3.30591
3.32615
3.40014
3.5278
3.54378
3.5663
3.37937
3.5935
3.38613
3.35976
3.39945
3.54882
3.48583
3.4933
3.42445
3.4963
3.3881
3.47868
3.51469
3.50347
3.4815
3.5351
3.48269
3.51342
3.53396
3.41289
3.34082
3.28831
3.46352
3.27857
3.55859
3.52241
3.55163
3.43828
3.26321
3.33744
3.50409
3.26728
3.38078
3.31684
3.48645
3.55825
3.40955
3.51024
3.33596
3.4429
3.49431
3.50187
3.3755
3.48962
3.51759
3.45492
3.58518
3.42815
3.52184
3.44922
3.53134
3.51227
3.34502
3.54655
3.55027
3.3807
3.22961
15358:
2.64242
2.55293
2.42576
2.99577
2.82791
2.93774
2.62472
11283:
4.23794
3.85205
6632:
2.92492
2.65264
3.0131
2.81729
2.88308
2.66493
3.09007
3.40293
3.06586
2.87415
3.10025
2.82506
3.06558
3.04384
2.95198
2.85595
3.11298
3.11759
15440:
3.05726
3.34932
3.38189
3.34381
3.16252
3.09272
3.13644
3.03483
3.1444
3.18669
3.3626
3.27916
3.32068
3.44727
3.2371
3.2309
3.09265
3.16003
3.12912
3.27799
3.48795
3.31141
3.15672
3.36135
3.33828
3.44321
3.39267
2.91366
3.18192
3.33272
3.36438
3.10803
3.55642
3.20407
3.31194
3.04958
3.27265
3.4724
3.01128
3.43284
3.18236
3.3957
3.05504
3.14473
3.40285
3.42093
3.22401
3.28878
3.31097
3.22109
3.40679
3.28676
3.12216
8783:
3.02973
4081:
3
3
3
3
1263:
3.10426
7219:
4.12083
4.09226
4.01766
16128:
3.936
3.72688
3.95987
3.52381
3.6672
3.93442
3.67401
3.94803
3.98241
3.84929
3.9228
3.80238
3.50871
3.81492
4.02026
3.8616
3.65722
3.85491
3.97126
3.61854
3.87763
4.01234
3.77486
3.65566
3.79362
3.70568
3.88627
3.6404
3.94591
3.81725
3.82225
3.72657
3.58011
3.92081
3.90368
3.66473
3.85329
3.77542
3.90149
3.69625
3.88163
3.64868
3.73388
3.95313
3.95346
3.91099
3.89447
3.76113
3.87691
3.6489
3.83377
3.78565
3.60785
3.97324
3.91589
3.85732
3.64035
3.7379
3.91229
3.81859
3.72969
3.78859
3.73652
3.8922
3.94139
3.60968
3.90066
3.79842
3.89179
3.85095
3.73624
3.70342
3.91361
3.68845
3.93145
3.8735
3.81977
3.66896
3.76346
3.94877
3.88595
3.94514
3.87122
3.62533
3.96412
3.8339
3.77982
3.63111
3.77401
3.75196
3.62269
3.86286
3.75261
3.9227
3.82949
3.70529
3.70123
3.62654
3.59903
3.80346
3.71522
3.82176
3.62799
3.93285
3.89425
3.67315
3.79987
3.47126
3.96608
3.67773
3.96453
3.84787
3.6119
3.63235
3.77304
3.65453
3.77015
3.70426
3.69718
3.81265
3.67704
3.60693
3.90829
3.82418
3.92209
3.92838
3.83573
3.926
4.05418
3.39589
3.912
3.76454
3.84981
3.66891
3.77642
3.77815
4.00768
3.9652
3.94315
3.5327
3.89787
3.67819
3.96064
3.6012
3.88634
4.01536
3.692
3.79814
3.73182
3.71957
3.60701
3.94136
4.00748
3.80912
3.89225
3.98168
3.95413
3.97454
3.7892
3.69902
3.74329
3.77119
3.70787
3.63436
3.64481
3.85848
3.98306
3.87385
3.59143
3.88767
3.96628
3.84368
3.60759
3.73268
3.70138
3.81213
3.73391
3.67556
3.92131
3.55722
3.96222
3.9435
3.53714
3.7258
3.94516
3.61457
3.66152
3.85758
3.99015
3.77685
3.83558
3.81757
3.56935
3.69091
3.78194
3.69104
3.39714
3.64851
3.69087
3.65551
3.72713
3.84757
3.73759
3.92139
3.66969
3.97121
3.77902
3.6298
3.89178
3.85021
3.60228
3.95926
3.7784
3.66946
3.80766
3.92813
3.89063
3.87846
3.95145
3.94336
3.8079
3.81646
3.66156
3.5642
3.67077
3.93328
3.84275
3.98669
3.77258
3.7061
3.64052
3.91277
3.76688
3.79707
3.9504
3.64807
3.73147
3.96496
3.93286
3.92944
3.71173
3.92587
3.88707
4.04127
3.86838
3.666
4.018
3.81941
3.96393
3.92145
3.92269
3.812
3.84438
3.84362
3.79888
3.87124
3.73202
3.81629
3.98541
3.90461
3.53012
3.76512
3.4744
3.94923
3.61163
3.61631
3.79282
3.85294
3.59467
3.68507
3.93754
3.80574
3.9769
3.98656
3.80292
3.97147
3.95273
3.97133
3.72559
3.6453
3.92318
3.70251
3.72119
3.81802
3.76977
3.90112
3.60183
3.87638
3.75838
3.72251
3.78773
3.77687
3.4785
3.74495
3.61533
3.74741
3.87336
3.8987
3.72086
3.70757
3.64535
3.39437
3.72932
3.74276
3.88083
3.63301
3.70357
3.79557
3.70009
3.68724
3.88857
3.81453
3.67263
3.91248
3.80089
4.02091
3.67951
3.741
3.69845
3.79954
3.95848
3.86056
3.76703
3.93861
3.59464
3.82338
3.85967
3.45251
3.92642
3.95324
3.65884
3.75375
3.66609
3.74589
3.80712
3.54337
3.57852
3.63597
3.71849
3.64196
3.70955
3.59773
3.69931
3.86891
3.95163
3.67165
3.76138
3.58515
3.82548
3.80991
3.92136
3.98958
3.93979
3.65901
3.65237
3.83181
3.61779
3.67541
3.61197
3.91189
3.92059
3.61798
3.75761
3.53799
3.56107
3.824
3.95879
3.73281
3.84872
3.6925
3.70021
3.60628
3.98896
3.42581
3.88759
3.72595
3.95556
3.58056
3.76848
3.88965
3.91035
3.66648
3.82691
3.88738
3.5813
3.88864
3.60572
3.7611
3.90631
3.98308
3.95543
3.79769
3.6241
3.81775
3.56625
3.97736
3.76187
3.71593
3.59453
3.60283
4.01571
3.59002
3.83065
3.72316
3.99289
3.76158
3.91305
3.66552
3.85508
3.77217
3.63956
3.93216
3.44603
3.52207
3.73717
3.5455
3.63576
3.9306
3.703
3.95092
3.85259
3.7471
3.60883
3.58239
3.66046
3.65694
3.71756
3.51847
3.87832
3.67931
3.63191
3.76488
3.66218
3.8543
3.98982
3.86304
3.94704
3.67402
3.96163
3.92874
3.47616
3.87293
3.62526
3.94816
3.95016
3.76113
3.89952
3.8807
3.65839
3.99707
3.90415
3.87844
3.4642
3.77411
3.95992
3.78737
3.78592
3.64282
3.61226
3.91829
3.76512
4.01443
3.83212
3.80832
3.86232
3.53247
3.92895
3.80417
3.93474
3.92204
3.64277
3.82943
3.72904
3.86196
3.63997
3.51724
3.59141
3.69802
3.86356
3.68382
3.86072
3.59544
3.6355
3.85184
3.72707
3.7602
3.87999
3.69123
3.93136
3.64393
3.87044
3.798
3.64178
3.50681
3.49737
3.68514
3.97016
3.96598
3.8788
3.80101
3.93248
3.59398
3.97394
3.62168
3.57666
3.83723
3.85351
3.94913
3.6505
3.83581
3.80434
3.89527
3.95164
3.94044
3.52232
3.77798
3.73239
3.7453
3.74728
4.0207
3.79403
3.96273
3.94454
3.75346
3.85958
4.03029
3.91577
3.82601
3.77063
3.79035
3.5929
3.62292
3.97184
3.9423
3.93292
3.73599
4.03417
3.48764
3.90521
3.87177
3.66999
3.67967
3.94778
3.94722
3.9583
4.00437
3.66343
3.96454
3.75896
3.90261
3.87674
3.80691
3.53648
3.92038
3.86475
3.8404
3.91804
3.95781
3.59774
3.90504
3.91733
3.81967
3.72112
3.71768
3.77309
3.94301
3.76671
3.69796
3.85361
3.96301
3.84935
3.7269
4.0093
3.91794
3.92732
3.61629
3.85719
4.01018
3.82168
3.83035
3.60091
3.94168
3.99586
3.98457
3.76428
3.5288
3.78958
3.77584
3.62094
3.67947
3.51738
3.98499
3.97839
3.54332
3.74354
3.817
3.62067
3.77501
3.73283
3.587
3.73366
3.8661
3.91409
3.75629
3.70625
3.79262
3.81127
3.7004
3.59147
3.71021
3.97645
3.69699
3.9731
3.85555
3.59602
12730:
2.25549
2.45535
2.23151
2.39067
2.21024
1.94764
2.24878
2.24251
2.40871
14632:
3.51613
3.27399
2.89535
3.55604
3.48304
3.3955
10510:
3.23758
3.06579
3.04966
3.143
16650:
1.86342
14497:
3.60729
3.09983
7180:
3.13276
3.16155
3.08971
3.25513
3.01949
3.11005
3.15203
3.13014
3.1495
3.16828
3.2337
3.1574
3.07106
3.08656
3.15422
3.07687
3.11975
3.25342
3.14332
15113:
3.05596
